3 0.3692810453125 0.8199152546875 0.37581699375 0.7605932203125 0.3578431375 0.724576271875 0.34640522812499996 0.7860169484374999 0.3692810453125 0.8199152546875
3 0.2810457515625 0.625 0.2875817 0.5953389828125 0.2728758171875 0.580508475 0.26797385625 0.6122881359375001 0.2810457515625 0.625
1 0.580065359375 0.7372881359375001 0.578431371875 0.7775423734375 0.6225490203125 0.8347457625000001 0.6405228765625 0.8368644062499999 0.69771241875 0.830508475 0.69607843125 0.7817796609375 0.6486928109375001 0.733050846875 0.580065359375 0.7372881359375001
3 0.7647058828125 0.8199152546875 0.7647058828125 0.8453389828125 0.810457515625 0.853813559375 0.8202614374999999 0.8156779656250001 0.8088235296875 0.7881355937500001 0.795751634375 0.7881355937500001 0.7647058828125 0.8199152546875
3 0.7254901953124999 0.7860169484374999 0.7434640515625001 0.8177966109374999 0.7614379078125 0.8199152546875 0.76797385625 0.8029661015625 0.7467320265625 0.7372881359375001 0.7287581703125 0.7563559328125 0.7254901953124999 0.7860169484374999
3 0.385620915625 0.7139830515625001 0.382352940625 0.7097457625 0.382352940625 0.688559321875 0.3790849671875 0.6843220343749999 0.3790849671875 0.6758474578125 0.37418300625 0.669491525 0.3709150328125 0.669491525 0.36274509843749997 0.6843220343749999 0.36274509843749997 0.7012711859375 0.366013071875 0.705508475 0.366013071875 0.7351694921874999 0.3709150328125 0.7415254234375 0.37418300625 0.7415254234375 0.37745097968749997 0.75 0.3790849671875 0.74788135625 0.3790849671875 0.7351694921874999 0.382352940625 0.730932203125 0.382352940625 0.7182203390625 0.385620915625 0.7139830515625001
3 0.62581699375 0.6652542375 0.6111111109375 0.688559321875 0.614379084375 0.6970338984375 0.614379084375 0.7139830515625001 0.6225490203125 0.728813559375 0.6405228765625 0.726694915625 0.6405228765625 0.7097457625 0.633986928125 0.6927966109375 0.633986928125 0.6758474578125 0.62581699375 0.6652542375
3 0.5669934640625 0.5762711859375 0.560457515625 0.5762711859375 0.5555555562500001 0.5868644062499999 0.5555555562500001 0.599576271875 0.55228758125 0.603813559375 0.55228758125 0.625 0.5571895421875 0.6355932203125 0.563725490625 0.6398305078125001 0.5686274515624999 0.6377118640624999 0.5686274515624999 0.6207627125 0.571895425 0.6165254234375 0.571895425 0.5868644062499999 0.5669934640625 0.5762711859375
3 0.33986928125000004 0.544491525 0.3447712421875 0.5508474578125 0.36274509843749997 0.5487288140625 0.3594771234375 0.5148305078125001 0.3513071890625 0.5127118640624999 0.3431372546875 0.5275423734375 0.33986928125000004 0.544491525
1 0.526143790625 0.6165254234375 0.5147058828125 0.601694915625 0.508169934375 0.5974576265625 0.4754901953125 0.5974576265625 0.4673202609375 0.608050846875 0.46405228750000005 0.6165254234375 0.4673202609375 0.641949153125 0.48202614375 0.6610169484374999 0.48856209218749996 0.6567796609375 0.4983660125 0.6567796609375 0.5016339875 0.6610169484374999 0.51797385625 0.6610169484374999 0.5212418296875 0.6652542375 0.5228758171875 0.6631355937500001 0.526143790625 0.646186440625 0.5294117640625 0.641949153125 0.526143790625 0.6377118640624999 0.526143790625 0.6165254234375
1 0.4673202609375 0.561440678125 0.455882353125 0.5508474578125 0.44281045781249995 0.5508474578125 0.436274509375 0.563559321875 0.42973856250000003 0.563559321875 0.42483660156249997 0.5699152546875 0.42483660156249997 0.58262711875 0.436274509375 0.5974576265625 0.4673202609375 0.5953389828125 0.4705882359375 0.5911016953125 0.4705882359375 0.5741525421875 0.4673202609375 0.5699152546875 0.4673202609375 0.561440678125
1 0.44117647031249996 0.5402542375 0.43300653593750005 0.5296610171875 0.419934640625 0.5296610171875 0.3986928109375 0.5529661015625 0.3986928109375 0.5572033890625 0.4068627453125 0.5677966109375 0.41339869218749997 0.5720338984375 0.42483660156249997 0.5699152546875 0.42973856250000003 0.563559321875 0.436274509375 0.563559321875 0.44117647031249996 0.5529661015625 0.44117647031249996 0.5402542375
1 0.383986928125 0.521186440625 0.37745097968749997 0.521186440625 0.366013071875 0.5317796609375 0.3692810453125 0.544491525 0.37745097968749997 0.5508474578125 0.3986928109375 0.5487288140625 0.4052287578125 0.5317796609375 0.40032679687500006 0.525423728125 0.38725490156250003 0.525423728125 0.383986928125 0.521186440625
1 0.2990196078125 0.5042372875 0.295751634375 0.5042372875 0.2892156859375 0.5127118640624999 0.2712418296875 0.5148305078125001 0.2712418296875 0.523305084375 0.276143790625 0.5296610171875 0.3169934640625 0.5275423734375 0.3202614375 0.523305084375 0.3169934640625 0.5148305078125001 0.30882352968750004 0.5127118640624999 0.2990196078125 0.5042372875
1 0.4689542484375 0.5 0.4526143796875 0.5 0.44934640468750003 0.5042372875 0.43300653593750005 0.5084745765625 0.428104575 0.5148305078125001 0.42973856250000003 0.5296610171875 0.44934640468750003 0.5296610171875 0.4526143796875 0.5338983046875 0.4607843140625 0.5317796609375 0.4787581703125 0.5296610171875 0.48366013125 0.523305084375 0.48366013125 0.5148305078125001 0.4689542484375 0.5
3 0.5016339875 0.54661016875 0.49346405156250006 0.561440678125 0.49346405156250006 0.5911016953125 0.4983660125 0.5974576265625 0.5 0.5953389828125 0.509803921875 0.57838983125 0.509803921875 0.5572033890625 0.5049019609375 0.54661016875 0.5016339875 0.54661016875
3 0.5130718953125 0.5868644062499999 0.5065359484374999 0.5911016953125 0.5065359484374999 0.5953389828125 0.51797385625 0.605932203125 0.5228758171875 0.603813559375 0.5228758171875 0.5868644062499999 0.51797385625 0.580508475 0.5147058828125 0.580508475 0.5130718953125 0.5868644062499999
3 0.328431371875 0.5296610171875 0.3431372546875 0.5275423734375 0.33823529375 0.5084745765625 0.33169934687499997 0.5084745765625 0.3235294125 0.523305084375 0.328431371875 0.5296610171875
3 0.12745097968750002 0.5105932203125 0.1290849671875 0.5338983046875 0.150326796875 0.5317796609375 0.150326796875 0.523305084375 0.1454248359375 0.5127118640624999 0.13888888906250002 0.5084745765625 0.12745097968750002 0.5105932203125
3 0.5310457515625 0.49152542343750005 0.51960784375 0.519067796875 0.5359477125 0.519067796875 0.5392156859375 0.5105932203125 0.5359477125 0.5063559328125 0.5359477125 0.49788135625 0.5310457515625 0.49152542343750005
3 0.5653594765625 0.5063559328125 0.5588235296875 0.5105932203125 0.560457515625 0.521186440625 0.5751633984375 0.519067796875 0.5751633984375 0.5105932203125 0.5702614374999999 0.5 0.5669934640625 0.5 0.5653594765625 0.5063559328125