3 0.35620915000000003 0.46822033906250005 0.3594771234375 0.5317796609375 0.3888888890625 0.5063559328125 0.3921568625 0.4639830515625 0.3807189546875 0.44491525468750004 0.35620915000000003 0.46822033906250005
3 0.1666666671875 0.544491525 0.1764705875 0.544491525 0.18954248437500001 0.48093220312499996 0.168300653125 0.44491525468750004 0.1568627453125 0.49364406718750004 0.1666666671875 0.544491525
3 0.508169934375 0.5338983046875 0.5653594765625 0.5317796609375 0.571895425 0.5105932203125 0.5506535953125 0.474576271875 0.5032679734375 0.50211864375 0.508169934375 0.5338983046875
3 0.6846405234375 0.45338983125 0.6666666671875 0.4639830515625 0.66013071875 0.5148305078125001 0.669934640625 0.5275423734375 0.7124183000000001 0.5105932203125 0.707516340625 0.49152542343750005 0.69607843125 0.49788135625 0.6846405234375 0.45338983125
3 0.76797385625 0.5063559328125 0.777777778125 0.4894067796875 0.7434640515625001 0.44067796562500006 0.722222221875 0.50211864375 0.76797385625 0.5063559328125
3 0.428104575 0.6927966109375 0.43464052343750004 0.75211864375 0.45751634062499996 0.7648305078125001 0.4705882359375 0.7563559328125 0.47385620937499995 0.7097457625 0.46241830000000006 0.6355932203125 0.428104575 0.6927966109375
3 0.542483659375 0.7817796609375 0.5653594765625 0.8114406781250001 0.581699346875 0.730932203125 0.5669934640625 0.6652542375 0.542483659375 0.7097457625 0.542483659375 0.7817796609375
3 0.40849673124999997 0.8072033890625001 0.4052287578125 0.853813559375 0.43464052343750004 0.8580508468750001 0.455882353125 0.855932203125 0.4607843140625 0.8368644062499999 0.43300653593750005 0.7584745765625 0.40849673124999997 0.8072033890625001
3 0.2973856203125 0.853813559375 0.3006535953125 0.7987288140625 0.26633986875 0.79237288125 0.2647058828125 0.8453389828125 0.2973856203125 0.853813559375
3 0.1830065359375 0.8199152546875 0.19771241875 0.855932203125 0.23856209218750002 0.853813559375 0.22875817031249998 0.75211864375 0.20098039218750002 0.7118644062499999 0.1830065359375 0.7605932203125 0.1830065359375 0.8199152546875
3 0.5 0.853813559375 0.5294117640625 0.8580508468750001 0.545751634375 0.8453389828125 0.5392156859375 0.8156779656250001 0.5212418296875 0.8093220343749999 0.5 0.853813559375
3 0.58823529375 0.853813559375 0.6372549015625 0.8580508468750001 0.6307189546874999 0.7902542375 0.6192810453125001 0.7838983046875 0.59150326875 0.8241525421875 0.58823529375 0.853813559375
3 0.759803921875 0.62288135625 0.723856209375 0.6398305078125001 0.7091503265625 0.66737288125 0.7091503265625 0.74788135625 0.7352941171875 0.7648305078125001 0.7630718953125 0.75 0.777777778125 0.7182203390625 0.7614379078125 0.6800847453125 0.759803921875 0.62288135625
3 0.7124183000000001 0.7817796609375 0.7091503265625 0.8580508468750001 0.7189542484375 0.8580508468750001 0.7434640515625001 0.851694915625 0.7647058828125 0.8156779656250001 0.7532679734375 0.7542372875 0.7124183000000001 0.7817796609375
3 0.28431372499999996 0.42161016875 0.2908496734375 0.40466101718749997 0.26633986875 0.3686440671875 0.2483660125 0.400423728125 0.28431372499999996 0.42161016875
3 0.810457515625 0.7775423734375 0.810457515625 0.730932203125 0.7990196078125 0.7118644062499999 0.7892156859375 0.7118644062499999 0.784313725 0.7224576265625 0.784313725 0.7394067796875 0.776143790625 0.75 0.76960784375 0.75 0.758169934375 0.7648305078125001 0.7712418296875 0.7775423734375 0.7647058828125 0.7902542375 0.7647058828125 0.7987288140625 0.76960784375 0.8050847453125 0.7908496734375 0.8029661015625 0.8022875812500001 0.8008474578125 0.8071895421875 0.794491525 0.8071895421875 0.7817796609375 0.810457515625 0.7775423734375
3 0.8169256140625001 0.7405854359374999 0.83362721875 0.76921486875 0.8407850234375 0.7885591187500001 0.8485393468750001 0.81873615625 0.8682233796875 0.8318902203125 0.8777670843750001 0.806355846875 0.8783636078124999 0.773857475 0.8789600390625001 0.756834534375 0.8908897421875001 0.7359427671875001 0.8718022359375001 0.688742784375 0.8480444874999999 0.667369215625 0.8163290921874999 0.6995755765625 0.7984345359375 0.708860821875 0.8169256140625001 0.7405854359374999
3 0.6666666671875 0.4597457625 0.6732026140625 0.4470338984375 0.669934640625 0.43008474531249996 0.6650326796875 0.4237288140625 0.65849673125 0.4237288140625 0.651960784375 0.4322033890625 0.6454248359375 0.4322033890625 0.633986928125 0.4512711859375 0.633986928125 0.46822033906250005 0.6307189546874999 0.4724576265625 0.633986928125 0.48516949218749994 0.6454248359375 0.48728813593750003 0.6486928109375001 0.49152542343750005 0.6503267968750001 0.4894067796875 0.65849673125 0.48728813593750003 0.6633986921874999 0.48093220312499996 0.6666666671875 0.4724576265625 0.6666666671875 0.4597457625
3 0.4673202609375 0.45550847499999997 0.4673202609375 0.4427966109375 0.455882353125 0.4237288140625 0.437908496875 0.4470338984375 0.437908496875 0.45550847499999997 0.43464052343750004 0.4597457625 0.43464052343750004 0.476694915625 0.43137254843750006 0.48093220312499996 0.43464052343750004 0.48516949218749994 0.43464052343750004 0.49364406718750004 0.44444444375 0.49364406718750004 0.455882353125 0.49152542343750005 0.46405228750000005 0.48093220312499996 0.46405228750000005 0.4597457625 0.4673202609375 0.45550847499999997
3 0.5506535953125 0.474576271875 0.534313725 0.474576271875 0.5326797390625 0.4597457625 0.5212418296875 0.45338983125 0.51960784375 0.4470338984375 0.5114379078125 0.436440678125 0.508169934375 0.436440678125 0.4983660125 0.4491525421875 0.49509803906250005 0.4491525421875 0.48202614375 0.4661016953125 0.4754901953125 0.45762711874999995 0.4705882359375 0.4597457625 0.4705882359375 0.48516949218749994 0.47222222187499996 0.48728813593750003 0.4754901953125 0.483050846875 0.48039215625000004 0.4894067796875 0.48039215625000004 0.49364406718750004 0.491830065625 0.5042372875 0.4983660125 0.5 0.5032679734375 0.5063559328125 0.5032679734375 0.523305084375 0.5114379078125 0.5338983046875 0.5653594765625 0.5317796609375 0.571895425 0.523305084375 0.571895425 0.5105932203125 0.5588235296875 0.48093220312499996 0.5506535953125 0.474576271875
3 0.044117646875 0.5042372875 0.0375817 0.5 0.027777778125000003 0.483050846875 0.014705882812500001 0.478813559375 0.009803921875 0.4894067796875 0.009803921875 0.5572033890625 0.014705882812500001 0.563559321875 0.021241829687499998 0.563559321875 0.027777778125000003 0.5720338984375 0.0375817 0.5720338984375 0.0408496734375 0.5762711859375 0.0588235296875 0.5741525421875 0.0686274515625 0.5487288140625 0.055555556250000006 0.5275423734375 0.0588235296875 0.5063559328125 0.044117646875 0.5042372875
1 0.5702614374999999 0.4152542375 0.5767973859375 0.4110169484375 0.581699346875 0.400423728125 0.5751633984375 0.391949153125 0.5686274515624999 0.37076271250000004 0.563725490625 0.3644067796875 0.5571895421875 0.3644067796875 0.55392156875 0.3601694921875 0.508169934375 0.3601694921875 0.5049019609375 0.3644067796875 0.49509803906250005 0.3644067796875 0.48202614375 0.37288135625 0.48202614375 0.3855932203125 0.4754901953125 0.3813559328125 0.46568627500000004 0.3813559328125 0.46241830000000006 0.3855932203125 0.455882353125 0.3855932203125 0.4509803921875 0.391949153125 0.455882353125 0.4152542375 0.46241830000000006 0.4152542375 0.4754901953125 0.4279661015625 0.48366013125 0.4258474578125 0.491830065625 0.41949152500000003 0.5473856203125 0.41949152500000003 0.5506535953125 0.4152542375 0.5702614374999999 0.4152542375
1 0.40196078437500005 0.37923728749999996 0.3986928109375 0.3622881359375 0.3905228765625 0.351694915625 0.383986928125 0.351694915625 0.3709150328125 0.3601694921875 0.366013071875 0.3665254234375 0.366013071875 0.37076271250000004 0.3594771234375 0.375 0.35620915000000003 0.3877118640625 0.3431372546875 0.400423728125 0.3431372546875 0.4088983046875 0.3513071890625 0.41949152500000003 0.3545751640625 0.4152542375 0.3611111109375 0.4152542375 0.364379084375 0.41949152500000003 0.382352940625 0.41737288125000005 0.3921568625 0.41313559375000003 0.3986928109375 0.396186440625 0.3986928109375 0.3834745765625 0.40196078437500005 0.37923728749999996
3 0.40196078437500005 0.3834745765625 0.3986928109375 0.3622881359375 0.3905228765625 0.351694915625 0.383986928125 0.351694915625 0.3709150328125 0.3601694921875 0.366013071875 0.3665254234375 0.366013071875 0.37076271250000004 0.3594771234375 0.375 0.35620915000000003 0.3877118640625 0.3431372546875 0.400423728125 0.3431372546875 0.4088983046875 0.3513071890625 0.41949152500000003 0.3578431375 0.4152542375 0.364379084375 0.41949152500000003 0.385620915625 0.41737288125000005 0.3921568625 0.41313559375000003 0.3986928109375 0.396186440625 0.3986928109375 0.3877118640625 0.40196078437500005 0.3834745765625
3 0.5588235296875 0.43008474531249996 0.571895425 0.49364406718750004 0.581699346875 0.49364406718750004 0.6111111109375 0.4639830515625 0.6029411765625 0.4152542375 0.580065359375 0.4110169484375 0.5588235296875 0.43008474531249996
2 0.2043218921875 0.463911771875 0.23965664375 0.4688671109375 0.24729653593749998 0.43913515625 0.20336691562500003 0.362327725 0.161420428125 0.362558571875 0.159437296875 0.4044479109375 0.1976369765625 0.43046338124999994 0.2043218921875 0.463911771875