3 0.3594771234375 0.6843220343749999 0.3545751640625 0.6779661015625 0.3513071890625 0.6779661015625 0.33986928125000004 0.705508475 0.33986928125000004 0.7351694921874999 0.3431372546875 0.7394067796875 0.3431372546875 0.74788135625 0.349673203125 0.7648305078125001 0.3545751640625 0.771186440625 0.3594771234375 0.769067796875 0.366013071875 0.75211864375 0.366013071875 0.705508475 0.36274509843749997 0.7012711859375 0.3594771234375 0.6843220343749999
3 0.6732026140625 0.7224576265625 0.6732026140625 0.6970338984375 0.669934640625 0.688559321875 0.6650326796875 0.6822033890625 0.66176470625 0.6822033890625 0.6470588234375 0.705508475 0.6470588234375 0.7351694921874999 0.6650326796875 0.7542372875 0.6764705875 0.75211864375 0.6797385625000001 0.7436440671875 0.6764705875 0.7394067796875 0.6764705875 0.726694915625 0.6732026140625 0.7224576265625
3 0.385620915625 0.5699152546875 0.3807189546875 0.5677966109375 0.37254902031250003 0.58262711875 0.37254902031250003 0.603813559375 0.37745097968749997 0.6144067796875 0.385620915625 0.6122881359375001 0.3888888890625 0.603813559375 0.3888888890625 0.58262711875 0.385620915625 0.57838983125 0.385620915625 0.5699152546875
3 0.542483659375 0.5953389828125 0.542483659375 0.5868644062499999 0.534313725 0.5847457625 0.526143790625 0.599576271875 0.526143790625 0.6292372875 0.5392156859375 0.6292372875 0.542483659375 0.625 0.542483659375 0.608050846875 0.545751634375 0.599576271875 0.542483659375 0.5953389828125
3 0.4754901953125 0.5338983046875 0.4673202609375 0.544491525 0.4673202609375 0.5656779656250001 0.4754901953125 0.5762711859375 0.4869281046875 0.5741525421875 0.4869281046875 0.5572033890625 0.48366013125 0.5529661015625 0.48366013125 0.544491525 0.4754901953125 0.5338983046875
3 0.45751634062499996 0.519067796875 0.45751634062499996 0.523305084375 0.4689542484375 0.525423728125 0.47222222187499996 0.5296610171875 0.47385620937499995 0.5275423734375 0.47385620937499995 0.5063559328125 0.4689542484375 0.5042372875 0.4673202609375 0.5105932203125 0.45751634062499996 0.519067796875
1 0.34150326875000003 0.516949153125 0.3333333328125 0.523305084375 0.3349673203125 0.54661016875 0.36274509843749997 0.544491525 0.366013071875 0.5317796609375 0.36274509843749997 0.5275423734375 0.3611111109375 0.516949153125 0.34150326875000003 0.516949153125
1 0.40849673124999997 0.561440678125 0.41176470624999995 0.5656779656250001 0.41176470624999995 0.5741525421875 0.4166666671875 0.580508475 0.43300653593750005 0.580508475 0.436274509375 0.5847457625 0.44771241875 0.58262711875 0.44771241875 0.5572033890625 0.44281045781249995 0.5508474578125 0.4232026140625 0.54661016875 0.40849673124999997 0.561440678125
1 0.4068627453125 0.521186440625 0.3970588234375 0.521186440625 0.3905228765625 0.525423728125 0.3888888890625 0.5317796609375 0.3790849671875 0.5402542375 0.3790849671875 0.544491525 0.38725490156250003 0.5550847453125 0.41176470624999995 0.5529661015625 0.419934640625 0.5508474578125 0.421568628125 0.5402542375 0.41830065312500003 0.5317796609375 0.4068627453125 0.521186440625
1 0.41830065312500003 0.5275423734375 0.41830065312500003 0.5360169484374999 0.4232026140625 0.54661016875 0.43137254843750006 0.544491525 0.43464052343750004 0.5317796609375 0.42973856250000003 0.521186440625 0.4232026140625 0.521186440625 0.41830065312500003 0.5275423734375
1 0.436274509375 0.516949153125 0.43137254843750006 0.523305084375 0.43137254843750006 0.544491525 0.436274509375 0.5508474578125 0.44281045781249995 0.5508474578125 0.44607843125 0.5550847453125 0.454248365625 0.5529661015625 0.45751634062499996 0.5487288140625 0.454248365625 0.5275423734375 0.44607843125 0.516949153125 0.436274509375 0.516949153125
1 0.366013071875 0.5148305078125001 0.3807189546875 0.5296610171875 0.3888888890625 0.5275423734375 0.3921568625 0.519067796875 0.3905228765625 0.5084745765625 0.37418300625 0.5084745765625 0.366013071875 0.5148305078125001
1 0.321895425 0.483050846875 0.310457515625 0.5063559328125 0.310457515625 0.5148305078125001 0.31535947656249996 0.521186440625 0.330065359375 0.519067796875 0.3333333328125 0.5148305078125001 0.330065359375 0.5105932203125 0.3267973859375 0.4894067796875 0.321895425 0.483050846875