3 0.310457515625 0.603813559375 0.310457515625 0.641949153125 0.31535947656249996 0.648305084375 0.3202614375 0.646186440625 0.3267973859375 0.6377118640624999 0.3267973859375 0.608050846875 0.3186274515625 0.5932203390625 0.310457515625 0.603813559375
3 0.3529411765625 0.5911016953125 0.3529411765625 0.5868644062499999 0.348039215625 0.5847457625 0.33986928125000004 0.5953389828125 0.3366013078125 0.6122881359375001 0.33986928125000004 0.6165254234375 0.33986928125000004 0.625 0.3447712421875 0.6313559328125 0.35620915000000003 0.6292372875 0.35620915000000003 0.6207627125 0.3594771234375 0.6165254234375 0.3594771234375 0.599576271875 0.3529411765625 0.5911016953125
3 0.48039215625000004 0.5911016953125 0.48039215625000004 0.6165254234375 0.48856209218749996 0.62288135625 0.490196078125 0.6207627125 0.49346405156250006 0.6165254234375 0.49346405156250006 0.5868644062499999 0.4852941171875 0.5847457625 0.48039215625000004 0.5911016953125
3 0.5653594765625 0.57838983125 0.560457515625 0.5720338984375 0.5555555562500001 0.57838983125 0.55228758125 0.608050846875 0.5571895421875 0.6144067796875 0.562091503125 0.6122881359375001 0.5686274515624999 0.603813559375 0.5686274515624999 0.5911016953125 0.5653594765625 0.5868644062499999 0.5653594765625 0.57838983125
3 0.5130718953125 0.5699152546875 0.5130718953125 0.599576271875 0.51797385625 0.605932203125 0.5228758171875 0.603813559375 0.526143790625 0.599576271875 0.526143790625 0.57838983125 0.51797385625 0.563559321875 0.5130718953125 0.5699152546875
3 0.4689542484375 0.5508474578125 0.46405228750000005 0.561440678125 0.46405228750000005 0.58262711875 0.4771241828125 0.58262711875 0.4771241828125 0.5656779656250001 0.47385620937499995 0.561440678125 0.47385620937499995 0.5529661015625 0.4689542484375 0.5508474578125
3 0.5 0.5699152546875 0.5 0.561440678125 0.49509803906250005 0.5550847453125 0.491830065625 0.5550847453125 0.48856209218749996 0.54661016875 0.4852941171875 0.54661016875 0.48366013125 0.5572033890625 0.48039215625000004 0.561440678125 0.48039215625000004 0.6165254234375 0.49346405156250006 0.6165254234375 0.49346405156250006 0.599576271875 0.5 0.5911016953125 0.5032679734375 0.5741525421875 0.5 0.5699152546875
3 0.4607843140625 0.5953389828125 0.45751634062499996 0.5911016953125 0.45751634062499996 0.5699152546875 0.454248365625 0.5656779656250001 0.454248365625 0.5572033890625 0.44934640468750003 0.5550847453125 0.44444444375 0.561440678125 0.44444444375 0.5741525421875 0.44117647031249996 0.57838983125 0.44117647031249996 0.5911016953125 0.44444444375 0.5953389828125 0.44444444375 0.6207627125 0.44934640468750003 0.62711864375 0.45751634062499996 0.625 0.4607843140625 0.6207627125 0.45751634062499996 0.6122881359375001 0.4607843140625 0.608050846875 0.4607843140625 0.5953389828125
2 0.58902064375 0.5341062421875 0.58902064375 0.5000900171875 0.3214230296875 0.49933410624999996 0.3179250359375 0.4728770375 0.2467988625 0.4698533859375 0.240968853125 0.5159642453125 0.2654548953125 0.5401536015625 0.58902064375 0.5341062421875
3 0.2826797390625 0.516949153125 0.27450980468749997 0.519067796875 0.27450980468749997 0.5275423734375 0.2794117640625 0.5381355937500001 0.3006535953125 0.5360169484374999 0.30392156875 0.5275423734375 0.2990196078125 0.516949153125 0.2859477125 0.5127118640624999 0.2826797390625 0.516949153125
3 0.37418300625 0.5084745765625 0.367647059375 0.5084745765625 0.35620915000000003 0.5275423734375 0.3611111109375 0.5338983046875 0.385620915625 0.5317796609375 0.385620915625 0.523305084375 0.3807189546875 0.516949153125 0.37745097968749997 0.516949153125 0.37418300625 0.5084745765625
3 0.3986928109375 0.519067796875 0.3986928109375 0.5275423734375 0.40359477187500004 0.5338983046875 0.41013071874999996 0.5381355937500001 0.421568628125 0.5360169484374999 0.428104575 0.5275423734375 0.4232026140625 0.516949153125 0.40359477187500004 0.5127118640624999 0.3986928109375 0.519067796875
3 0.4509803921875 0.523305084375 0.4526143796875 0.54237288125 0.47385620937499995 0.5402542375 0.47385620937499995 0.5275423734375 0.46568627500000004 0.516949153125 0.4591503265625 0.516949153125 0.4509803921875 0.523305084375
3 0.436274509375 0.5084745765625 0.43300653593750005 0.5042372875 0.42483660156249997 0.5148305078125001 0.42483660156249997 0.519067796875 0.42973856250000003 0.525423728125 0.436274509375 0.525423728125 0.439542484375 0.5338983046875 0.44771241875 0.5317796609375 0.4509803921875 0.5275423734375 0.4509803921875 0.519067796875 0.44607843125 0.5084745765625 0.436274509375 0.5084745765625
3 0.5702614374999999 0.5338983046875 0.5849673203125 0.5317796609375 0.5833333328125 0.5127118640624999 0.5767973859375 0.5127118640624999 0.5686274515624999 0.523305084375 0.5702614374999999 0.5338983046875