0 0.5049019609375 0.49576271250000004 0.4509803921875 0.5105932203125 0.44444444375 0.726694915625 0.44771241875 0.82838983125 0.4591503265625 0.855932203125 0.7745098046875001 0.8580508468750001 0.784313725 0.8411016953124999 0.76797385625 0.8072033890625001 0.6029411765625 0.5084745765625 0.5049019609375 0.49576271250000004
1 0.6274509796875 0.40466101718749997 0.6290849671875 0.4237288140625 0.7614379078125 0.4258474578125 0.7712418296875 0.3877118640625 0.7369281046875 0.3686440671875 0.7009803921875 0.3686440671875 0.6274509796875 0.40466101718749997
1 0.436274509375 0.4110169484375 0.4150326796875 0.4639830515625 0.42483660156249997 0.5148305078125001 0.44117647031249996 0.5148305078125001 0.490196078125 0.476694915625 0.48039215625000004 0.43432203437499994 0.4591503265625 0.4110169484375 0.436274509375 0.4110169484375
1 0.454248365625 0.3834745765625 0.4787581703125 0.4237288140625 0.49673202656250004 0.4258474578125 0.526143790625 0.41737288125000005 0.5114379078125 0.37288135625 0.4754901953125 0.3686440671875 0.454248365625 0.3834745765625
3 0.73202614375 0.7394067796875 0.7875816999999999 0.8411016953124999 0.8071895421875 0.853813559375 0.8202614374999999 0.8453389828125 0.810457515625 0.705508475 0.7728758171875 0.686440678125 0.73202614375 0.7394067796875
3 0.667348271875 0.5619604828125 0.696745709375 0.50863908125 0.689554996875 0.4674548984375 0.6715478953125 0.4879634109375 0.6631486468750001 0.5151681984375001 0.667348271875 0.5619604828125
3 0.7479812906250001 0.5031980968750001 0.7597403500000001 0.47164054218749996 0.71726314375 0.43901295781250005 0.690026296875 0.4770815296875 0.6984256140625 0.5031980968750001 0.7479812906250001 0.5031980968750001
3 0.3221381703125 0.5717541859375 0.331377371875 0.5412848140625 0.3347370421875 0.504286321875 0.3189585296875 0.486915178125 0.2986201921875 0.5293147546875 0.3053396046875 0.5478139750000001 0.3221381703125 0.5717541859375
3 0.4170498953125 0.732806478125 0.4380480875 0.650104021875 0.3974649484375 0.60217989375 0.38345290468750004 0.651192153125 0.3884924125 0.6849260640625 0.4170498953125 0.732806478125
3 0.3994114484375 0.843801953125 0.3952118234375 0.754570284375 0.37783834375 0.733911 0.3397766203125 0.8089798640625 0.35069565625 0.8568603734375 0.3994114484375 0.843801953125
3 0.18103036875 0.818773703125 0.1894296171875 0.7719813734375001 0.173471075 0.70016075 0.1411645875 0.6590637796875 0.113836140625 0.7251891359375 0.13987394375 0.7883042421875001 0.18103036875 0.818773703125
3 0.2272263765625 0.6903670046875 0.23898529375000002 0.6740441359375 0.23478567031250003 0.59787075 0.21505297968749998 0.5632593390625 0.199508771875 0.59787075 0.20538823125 0.6348692421875 0.2272263765625 0.6903670046875
3 0.17767070000000001 0.604399915625 0.1692713828125 0.55434309375 0.13539205625 0.5018846234375001 0.11047650625000001 0.5695777796875 0.1188757546875 0.5880770515625 0.17767070000000001 0.604399915625
3 0.2608234375 0.677308809375 0.3061794875 0.6827497499999999 0.30701944062500003 0.6348692421875 0.2773963109375 0.58271961875 0.2541040234375 0.6065763640624999 0.2541040234375 0.64901575 0.2608234375 0.677308809375
3 0.370014009375 0.6403102281249999 0.371693846875 0.5869888265625 0.35821173906250003 0.55577461875 0.340616571875 0.6011353765624999 0.34817586562499997 0.6174582453124999 0.370014009375 0.6403102281249999
3 0.44056787656249996 0.6076644953125 0.4380480875 0.5695777796875 0.406700996875 0.52284184375 0.3994114484375 0.579371571875 0.4170498953125 0.6022235125 0.44056787656249996 0.6076644953125
3 0.391852153125 0.595694440625 0.40025140156249994 0.5336674703125001 0.3882288984375 0.5033815640625 0.35573523125 0.5565195000000001 0.3607748109375 0.5782833046875 0.391852153125 0.595694440625
3 0.33557699687500003 0.6990726140625 0.35321544375 0.7502175249999999 0.3632945984375 0.7241009578125001 0.371693846875 0.6598976734375 0.3478211828125 0.6111615593749999 0.3448161953125 0.600047153125 0.32801763125 0.6740441359375 0.33557699687500003 0.6990726140625
3 0.265023059375 0.8546839234375 0.313738853125 0.8535956984374999 0.31541868906250004 0.794833403125 0.289380990625 0.7589231359374999 0.272778284375 0.7174446109375 0.23478567031250003 0.7621876265624999 0.22638642187500002 0.8100680890625 0.265023059375 0.8546839234375
3 0.6497098921875 0.5336674703125001 0.6564292359375 0.49558075468749996 0.64635008125 0.467287784375 0.622593640625 0.4943998984375 0.6135929015625 0.5184328265625 0.6203124546875001 0.5336674703125001 0.6497098921875 0.5336674703125001
3 0.294420496875 0.5162564234375 0.3120590875 0.49558075468749996 0.309539228125 0.4792578859375 0.286632359375 0.45098851250000005 0.259983484375 0.49340439375 0.24654465937499997 0.5162564234375 0.294420496875 0.5162564234375
3 0.24906451562499998 0.5010217375 0.265023059375 0.48469887343750007 0.258303646875 0.45749408125 0.2369885953125 0.43452212343749996 0.202028490625 0.49666897812500005 0.2112677609375 0.5075509031250001 0.24906451562499998 0.5010217375
3 0.173471075 0.5010217375 0.200348653125 0.4814342921875 0.18103036875 0.456405903125 0.163100203125 0.42703740312500005 0.139033990625 0.4814342921875 0.1449134515625 0.5021099625 0.173471075 0.5010217375
3 0.5203610125 0.44770038124999995 0.5556379796875001 0.4542295 0.5673968984375 0.43681845781249995 0.5614048171875 0.4105710125 0.543878990625 0.4226719484375 0.5186811765625 0.4324656953125 0.5203610125 0.44770038124999995
3 0.23478567031250003 0.44661215624999995 0.2641831765625 0.45749408125 0.26334322499999996 0.43681845781249995 0.242761128125 0.401589346875 0.2297460921875 0.4270247078125 0.22638642187500002 0.44770038124999995 0.23478567031250003 0.44661215624999995
3 0.21462743125 0.47055236406249995 0.22218679687499998 0.44552397812500005 0.19427186875 0.41506184687500003 0.1835500875 0.45096491875 0.187749784375 0.47055236406249995 0.21462743125 0.47055236406249995
3 0.1407138265625 0.467287784375 0.17095121562499999 0.442259440625 0.1642318046875 0.4226719484375 0.138855575 0.40308629218750003 0.1188757546875 0.4302892921875 0.1188757546875 0.455317678125 0.1407138265625 0.467287784375
3 0.5883950875 0.49340439375 0.5942746171875 0.4433475765625 0.5902674703125 0.41506184687500003 0.5741163828125 0.4281128890625 0.5715965921875 0.48469887343750007 0.5883950875 0.49340439375
3 0.2767820484375 0.3867616359375 0.2717424734375 0.356292284375 0.2554606921875 0.347699346875 0.2373054578125 0.3791442921875 0.24738461093750003 0.38784986093749996 0.2767820484375 0.3867616359375