3 0.8447712421875 0.8262711859375 0.8349673203125001 0.8220338984375 0.8267973859375 0.8114406781250001 0.8235294124999999 0.7987288140625 0.8186274515624999 0.79237288125 0.810457515625 0.794491525 0.810457515625 0.8072033890625001 0.7990196078125 0.8220338984375 0.795751634375 0.8220338984375 0.794117646875 0.82838983125 0.7892156859375 0.830508475 0.784313725 0.8411016953124999 0.7892156859375 0.855932203125 0.8431372546875 0.853813559375 0.8513071890624999 0.851694915625 0.85620915 0.8453389828125 0.846405228125 0.83262711875 0.8447712421875 0.8262711859375
3 0.4673202609375 0.8241525421875 0.46405228750000005 0.8199152546875 0.4705882359375 0.8072033890625001 0.4705882359375 0.7987288140625 0.4673202609375 0.7902542375 0.44934640468750003 0.771186440625 0.43464052343750004 0.794491525 0.43464052343750004 0.83262711875 0.44934640468750003 0.8601694921874999 0.45751634062499996 0.8580508468750001 0.46405228750000005 0.853813559375 0.46405228750000005 0.8453389828125 0.4673202609375 0.8411016953124999 0.4673202609375 0.8241525421875
3 0.3529411765625 0.730932203125 0.3431372546875 0.7182203390625 0.3431372546875 0.7139830515625001 0.33823529375 0.7118644062499999 0.3366013078125 0.7182203390625 0.3267973859375 0.730932203125 0.3267973859375 0.7563559328125 0.330065359375 0.7605932203125 0.3333333328125 0.7860169484374999 0.33823529375 0.7881355937500001 0.3447712421875 0.8008474578125 0.34640522812499996 0.7987288140625 0.349673203125 0.794491525 0.349673203125 0.769067796875 0.3529411765625 0.7648305078125001 0.3529411765625 0.730932203125
3 0.44444444375 0.7224576265625 0.44117647031249996 0.7182203390625 0.44444444375 0.7139830515625001 0.43464052343750004 0.6970338984375 0.43464052343750004 0.6927966109375 0.42973856250000003 0.686440678125 0.4232026140625 0.686440678125 0.41830065312500003 0.6970338984375 0.41830065312500003 0.7097457625 0.4150326796875 0.7139830515625001 0.4150326796875 0.7394067796875 0.421568628125 0.7563559328125 0.42973856250000003 0.766949153125 0.43464052343750004 0.7648305078125001 0.44117647031249996 0.7605932203125 0.44117647031249996 0.7436440671875 0.44444444375 0.7394067796875 0.44444444375 0.7224576265625
3 0.48366013125 0.726694915625 0.48366013125 0.705508475 0.4754901953125 0.6906779656250001 0.4689542484375 0.6906779656250001 0.46405228750000005 0.7012711859375 0.46405228750000005 0.7351694921874999 0.47222222187499996 0.7542372875 0.48039215625000004 0.75211864375 0.48366013125 0.74788135625 0.48366013125 0.7351694921874999 0.4869281046875 0.730932203125 0.48366013125 0.726694915625
3 0.364379084375 0.6567796609375 0.35620915000000003 0.66737288125 0.35620915000000003 0.6758474578125 0.3529411765625 0.6800847453125 0.3529411765625 0.7012711859375 0.36274509843749997 0.7139830515625001 0.364379084375 0.7203389828125 0.3692810453125 0.7182203390625 0.3692810453125 0.7012711859375 0.37254902031250003 0.6970338984375 0.37254902031250003 0.67161016875 0.364379084375 0.6567796609375
3 0.33169934687499997 0.6355932203125 0.3235294125 0.650423728125 0.3235294125 0.6843220343749999 0.330065359375 0.7012711859375 0.3349673203125 0.70762711875 0.3366013078125 0.705508475 0.33986928125000004 0.6970338984375 0.33986928125000004 0.641949153125 0.3349673203125 0.6355932203125 0.33169934687499997 0.6355932203125
3 0.3529411765625 0.641949153125 0.3578431375 0.648305084375 0.3692810453125 0.646186440625 0.3692810453125 0.625 0.364379084375 0.6186440671875 0.3545751640625 0.62288135625 0.3529411765625 0.641949153125
3 0.310457515625 0.6165254234375 0.310457515625 0.6377118640624999 0.31535947656249996 0.644067796875 0.3235294125 0.641949153125 0.3235294125 0.603813559375 0.31535947656249996 0.5932203390625 0.3071895421875 0.608050846875 0.310457515625 0.6165254234375
3 0.3578431375 0.5932203390625 0.35620915000000003 0.603813559375 0.3529411765625 0.608050846875 0.3529411765625 0.641949153125 0.3578431375 0.648305084375 0.3692810453125 0.646186440625 0.3692810453125 0.6207627125 0.366013071875 0.6165254234375 0.3692810453125 0.6122881359375001 0.3578431375 0.5932203390625
3 0.526143790625 0.599576271875 0.5212418296875 0.5974576265625 0.5130718953125 0.608050846875 0.509803921875 0.625 0.5130718953125 0.6292372875 0.5130718953125 0.641949153125 0.51797385625 0.648305084375 0.5294117640625 0.646186440625 0.5326797390625 0.6377118640624999 0.5294117640625 0.6292372875 0.5294117640625 0.608050846875 0.526143790625 0.599576271875
3 0.5588235296875 0.5699152546875 0.55392156875 0.5677966109375 0.545751634375 0.58262711875 0.545751634375 0.5953389828125 0.5506535953125 0.605932203125 0.5588235296875 0.603813559375 0.562091503125 0.5953389828125 0.562091503125 0.58262711875 0.5588235296875 0.57838983125 0.5588235296875 0.5699152546875
3 0.5212418296875 0.5338983046875 0.51633986875 0.5402542375 0.51633986875 0.5529661015625 0.5130718953125 0.561440678125 0.51797385625 0.5677966109375 0.526143790625 0.5656779656250001 0.5294117640625 0.561440678125 0.5294117640625 0.544491525 0.526143790625 0.5360169484374999 0.5212418296875 0.5338983046875
3 0.44117647031249996 0.5572033890625 0.44117647031249996 0.5741525421875 0.44607843125 0.5847457625 0.454248365625 0.58262711875 0.454248365625 0.5529661015625 0.44934640468750003 0.54661016875 0.44607843125 0.54661016875 0.44117647031249996 0.5572033890625
3 0.454248365625 0.58262711875 0.4509803921875 0.599576271875 0.455882353125 0.6101694921874999 0.4673202609375 0.608050846875 0.46405228750000005 0.5656779656250001 0.4591503265625 0.563559321875 0.45751634062499996 0.57838983125 0.454248365625 0.58262711875
3 0.3333333328125 0.5572033890625 0.3333333328125 0.5699152546875 0.330065359375 0.57838983125 0.3333333328125 0.58262711875 0.3333333328125 0.5911016953125 0.33986928125000004 0.5911016953125 0.3431372546875 0.5868644062499999 0.3431372546875 0.5572033890625 0.33823529375 0.5508474578125 0.3333333328125 0.5572033890625
3 0.2516339875 0.5741525421875 0.2516339875 0.58262711875 0.2549019609375 0.5868644062499999 0.2549019609375 0.599576271875 0.258169934375 0.608050846875 0.27450980468749997 0.608050846875 0.27450980468749997 0.5699152546875 0.259803921875 0.5677966109375 0.2565359484375 0.563559321875 0.2516339875 0.5741525421875
3 0.40196078437500005 0.544491525 0.40196078437500005 0.561440678125 0.41013071874999996 0.5720338984375 0.4150326796875 0.5699152546875 0.41830065312500003 0.5656779656250001 0.4150326796875 0.5360169484374999 0.4068627453125 0.5338983046875 0.40196078437500005 0.544491525
3 0.48039215625000004 0.5275423734375 0.4771241828125 0.5105932203125 0.47222222187499996 0.5084745765625 0.46405228750000005 0.5275423734375 0.48039215625000004 0.5275423734375
3 0.3235294125 0.5317796609375 0.328431371875 0.5381355937500001 0.33986928125000004 0.5360169484374999 0.33986928125000004 0.5148305078125001 0.33169934687499997 0.5127118640624999 0.3235294125 0.523305084375 0.3235294125 0.5317796609375
3 0.28431372499999996 0.5105932203125 0.28431372499999996 0.5148305078125001 0.292483659375 0.525423728125 0.3006535953125 0.523305084375 0.3006535953125 0.5105932203125 0.295751634375 0.5042372875 0.292483659375 0.5084745765625 0.28431372499999996 0.5105932203125
3 0.28431372499999996 0.5148305078125001 0.292483659375 0.525423728125 0.3006535953125 0.523305084375 0.30392156875 0.519067796875 0.295751634375 0.5042372875 0.292483659375 0.5042372875 0.28431372499999996 0.5148305078125001
3 0.310457515625 0.5148305078125001 0.312091503125 0.525423728125 0.3235294125 0.523305084375 0.3267973859375 0.5148305078125001 0.321895425 0.5084745765625 0.31535947656249996 0.5084745765625 0.310457515625 0.5148305078125001