3 0.27450980468749997 0.66737288125 0.27450980468749997 0.75211864375 0.28431372499999996 0.8029661015625 0.30392156875 0.8241525421875 0.3267973859375 0.74788135625 0.313725490625 0.6800847453125 0.2892156859375 0.6398305078125001 0.27450980468749997 0.66737288125
3 0.3790849671875 0.8368644062499999 0.39379084999999997 0.8601694921874999 0.42483660156249997 0.8580508468750001 0.44444444375 0.8368644062499999 0.41339869218749997 0.728813559375 0.40196078437500005 0.7351694921874999 0.3790849671875 0.8368644062499999
3 0.5228758171875 0.773305084375 0.526143790625 0.8199152546875 0.5408496734375 0.855932203125 0.571895425 0.853813559375 0.5751633984375 0.769067796875 0.5588235296875 0.7182203390625 0.544117646875 0.7161016953125 0.5228758171875 0.773305084375
3 0.7189542484375 0.6800847453125 0.704248365625 0.6779661015625 0.689542484375 0.74788135625 0.705882353125 0.82838983125 0.722222221875 0.82838983125 0.741830065625 0.8199152546875 0.73202614375 0.7775423734375 0.7450980390625 0.730932203125 0.7189542484375 0.6800847453125
3 0.7189542484375 0.6843220343749999 0.758169934375 0.7097457625 0.7712418296875 0.6334745765625 0.7532679734375 0.5974576265625 0.7287581703125 0.625 0.7189542484375 0.6843220343749999
3 0.4607843140625 0.646186440625 0.48039215625000004 0.6800847453125 0.49673202656250004 0.5868644062499999 0.4754901953125 0.54661016875 0.4607843140625 0.58262711875 0.4607843140625 0.646186440625
3 0.64379085 0.603813559375 0.6666666671875 0.6207627125 0.6797385625000001 0.5911016953125 0.668300653125 0.516949153125 0.64379085 0.5572033890625 0.64379085 0.603813559375
3 0.2875817 0.523305084375 0.2973856203125 0.45550847499999997 0.2859477125 0.4322033890625 0.27450980468749997 0.4894067796875 0.2875817 0.523305084375
3 0.43464052343750004 0.608050846875 0.454248365625 0.5275423734375 0.436274509375 0.483050846875 0.421568628125 0.523305084375 0.43464052343750004 0.608050846875
3 0.578431371875 0.561440678125 0.578431371875 0.5911016953125 0.5947712421875 0.599576271875 0.6111111109375 0.5911016953125 0.6029411765625 0.5084745765625 0.5849673203125 0.519067796875 0.578431371875 0.561440678125
3 0.6013071890624999 0.5063559328125 0.6209150328125 0.519067796875 0.6307189546874999 0.49364406718750004 0.6225490203125 0.4491525421875 0.598039215625 0.48093220312499996 0.6013071890624999 0.5063559328125
3 0.41176470624999995 0.5699152546875 0.42483660156249997 0.519067796875 0.4166666671875 0.44491525468750004 0.3986928109375 0.48093220312499996 0.41176470624999995 0.5699152546875
3 0.3267973859375 0.5360169484374999 0.330065359375 0.5911016953125 0.349673203125 0.625 0.366013071875 0.5275423734375 0.3611111109375 0.47033898281250003 0.3431372546875 0.48093220312499996 0.3267973859375 0.5360169484374999
3 0.33986928125000004 0.4894067796875 0.3529411765625 0.45550847499999997 0.348039215625 0.4279661015625 0.3333333328125 0.4427966109375 0.33986928125000004 0.4894067796875
3 0.3921568625 0.4894067796875 0.40196078437500005 0.45550847499999997 0.39379084999999997 0.4152542375 0.382352940625 0.43432203437499994 0.3921568625 0.4894067796875
3 0.542483659375 0.4724576265625 0.545751634375 0.438559321875 0.5310457515625 0.4237288140625 0.526143790625 0.46822033906250005 0.542483659375 0.4724576265625
3 0.6013071890624999 0.45550847499999997 0.6078431375 0.41313559375000003 0.5931372546875 0.4110169484375 0.581699346875 0.4470338984375 0.6013071890624999 0.45550847499999997
3 0.385620915625 0.42161016875 0.3921568625 0.400423728125 0.37745097968749997 0.37711864375 0.3692810453125 0.41313559375000003 0.385620915625 0.42161016875
3 0.2908496734375 0.4258474578125 0.2973856203125 0.396186440625 0.2859477125 0.3855932203125 0.27777777812500004 0.4088983046875 0.2908496734375 0.4258474578125
3 0.349673203125 0.4258474578125 0.3529411765625 0.37076271250000004 0.34150326875000003 0.3686440671875 0.33986928125000004 0.4258474578125 0.349673203125 0.4258474578125
3 0.3202614375 0.358050846875 0.30882352968750004 0.35593220312499996 0.3169934640625 0.396186440625 0.3202614375 0.358050846875
3 0.5751633984375 0.42161016875 0.581699346875 0.396186440625 0.5702614374999999 0.37288135625 0.5588235296875 0.4088983046875 0.5751633984375 0.42161016875
1 0.42483660156249997 0.438559321875 0.43300653593750005 0.46186440624999997 0.44444444375 0.4597457625 0.4869281046875 0.4427966109375 0.4689542484375 0.3644067796875 0.43137254843750006 0.37076271250000004 0.42483660156249997 0.438559321875
1 0.4052287578125 0.3665254234375 0.41013071874999996 0.3855932203125 0.42483660156249997 0.3834745765625 0.44444444375 0.349576271875 0.42973856250000003 0.3220338984375 0.41176470624999995 0.33262711875 0.4052287578125 0.3665254234375