3 0.7483660125 0.794491525 0.7483660125 0.75211864375 0.7434640515625001 0.7457627125 0.73366013125 0.7415254234375 0.715686275 0.7605932203125 0.715686275 0.773305084375 0.7124183000000001 0.7817796609375 0.715686275 0.7860169484374999 0.715686275 0.7987288140625 0.7189542484375 0.8072033890625001 0.7271241828125 0.8177966109374999 0.740196078125 0.8262711859375 0.7483660125 0.8241525421875 0.7483660125 0.8156779656250001 0.7516339875 0.8114406781250001 0.7516339875 0.7987288140625 0.7483660125 0.794491525
3 0.8169934640625 0.7987288140625 0.8202614374999999 0.773305084375 0.813725490625 0.7563559328125 0.8055555562500001 0.7542372875 0.8006535953125 0.7605932203125 0.8006535953125 0.769067796875 0.7875816999999999 0.7860169484374999 0.784313725 0.794491525 0.784313725 0.8156779656250001 0.7892156859375 0.8220338984375 0.8055555562500001 0.830508475 0.8218954249999999 0.851694915625 0.8267973859375 0.8495762718750001 0.8267973859375 0.8411016953124999 0.830065359375 0.8368644062499999 0.830065359375 0.8114406781250001 0.8169934640625 0.7987288140625
3 0.382352940625 0.773305084375 0.3790849671875 0.769067796875 0.3790849671875 0.75211864375 0.3692810453125 0.7351694921874999 0.3692810453125 0.7224576265625 0.364379084375 0.7161016953125 0.3611111109375 0.7161016953125 0.3594771234375 0.7351694921874999 0.3529411765625 0.7436440671875 0.349673203125 0.7648305078125001 0.3529411765625 0.769067796875 0.3529411765625 0.8029661015625 0.364379084375 0.8220338984375 0.3692810453125 0.8199152546875 0.37581699375 0.8072033890625001 0.37581699375 0.7987288140625 0.382352940625 0.7902542375 0.382352940625 0.773305084375
3 0.40196078437500005 0.8029661015625 0.3986928109375 0.794491525 0.3905228765625 0.79237288125 0.382352940625 0.7987288140625 0.382352940625 0.8199152546875 0.3790849671875 0.8241525421875 0.3790849671875 0.8580508468750001 0.3954248359375 0.8580508468750001 0.40849673124999997 0.853813559375 0.40849673124999997 0.83262711875 0.40196078437500005 0.8199152546875 0.40196078437500005 0.8029661015625
3 0.3905228765625 0.6313559328125 0.382352940625 0.646186440625 0.382352940625 0.6758474578125 0.38725490156250003 0.686440678125 0.3986928109375 0.6843220343749999 0.4052287578125 0.66737288125 0.4052287578125 0.650423728125 0.3986928109375 0.6334745765625 0.3905228765625 0.6313559328125
3 0.364379084375 0.5762711859375 0.3611111109375 0.5762711859375 0.35620915000000003 0.58262711875 0.35620915000000003 0.6122881359375001 0.3611111109375 0.6186440671875 0.36274509843749997 0.6165254234375 0.3692810453125 0.608050846875 0.3692810453125 0.5911016953125 0.366013071875 0.5868644062499999 0.364379084375 0.5762711859375
3 0.3578431375 0.6313559328125 0.34640522812499996 0.650423728125 0.3529411765625 0.6588983046875 0.3529411765625 0.67161016875 0.3513071890625 0.6737288140625 0.34150326875000003 0.6652542375 0.33986928125000004 0.688559321875 0.3513071890625 0.6906779656250001 0.3513071890625 0.6822033890625 0.3545751640625 0.6822033890625 0.3578431375 0.6906779656250001 0.3692810453125 0.688559321875 0.37254902031250003 0.6546610171875 0.3692810453125 0.650423728125 0.366013071875 0.6334745765625 0.3578431375 0.6313559328125
3 0.37254902031250003 0.66737288125 0.3692810453125 0.641949153125 0.3611111109375 0.6313559328125 0.3545751640625 0.6355932203125 0.3513071890625 0.644067796875 0.3447712421875 0.644067796875 0.3366013078125 0.6631355937500001 0.3366013078125 0.6927966109375 0.33986928125000004 0.6970338984375 0.33986928125000004 0.705508475 0.348039215625 0.7118644062499999 0.349673203125 0.7097457625 0.3578431375 0.6949152546875 0.3692810453125 0.688559321875 0.3692810453125 0.67161016875 0.37254902031250003 0.66737288125
3 0.6078431375 0.6843220343749999 0.6078431375 0.6631355937500001 0.6029411765625 0.6525423734375 0.596405228125 0.6525423734375 0.5849673203125 0.66737288125 0.5849673203125 0.6970338984375 0.5996732031249999 0.7118644062499999 0.6078431375 0.7097457625 0.6078431375 0.7012711859375 0.6111111109375 0.6970338984375 0.6111111109375 0.688559321875 0.6078431375 0.6843220343749999
3 0.4983660125 0.5932203390625 0.490196078125 0.603813559375 0.490196078125 0.6334745765625 0.49509803906250005 0.6398305078125001 0.5032679734375 0.6377118640624999 0.5065359484374999 0.6334745765625 0.5065359484374999 0.603813559375 0.5032679734375 0.5953389828125 0.4983660125 0.5932203390625
3 0.44607843125 0.605932203125 0.44444444375 0.6207627125 0.44771241875 0.6292372875 0.455882353125 0.6398305078125001 0.4607843140625 0.6377118640624999 0.46405228750000005 0.6334745765625 0.46405228750000005 0.6207627125 0.455882353125 0.6101694921874999 0.44607843125 0.605932203125
3 0.6486928109375001 0.6398305078125001 0.6405228765625 0.6546610171875 0.6405228765625 0.6843220343749999 0.6454248359375 0.6906779656250001 0.6552287578125 0.6906779656250001 0.65849673125 0.6949152546875 0.6633986921874999 0.6927966109375 0.6666666671875 0.688559321875 0.6666666671875 0.650423728125 0.6552287578125 0.6355932203125 0.6486928109375001 0.6398305078125001
4 0.5049019609375 0.8050847453125 0.48202614375 0.8050847453125 0.4787581703125 0.8093220343749999 0.47222222187499996 0.8093220343749999 0.4673202609375 0.8199152546875 0.4673202609375 0.82838983125 0.45751634062499996 0.8453389828125 0.4591503265625 0.8601694921874999 0.562091503125 0.8580508468750001 0.5588235296875 0.8453389828125 0.5245098046875001 0.8008474578125 0.508169934375 0.8008474578125 0.5049019609375 0.8050847453125
1 0.6388888890625 0.8347457625000001 0.6421568625 0.830508475 0.6454248359375 0.8347457625000001 0.651960784375 0.8347457625000001 0.6552287578125 0.830508475 0.671568628125 0.830508475 0.6748366015625 0.8347457625000001 0.6813725484375001 0.8347457625000001 0.6928104578125 0.8072033890625001 0.689542484375 0.8029661015625 0.689542484375 0.7860169484374999 0.6830065359375 0.773305084375 0.6830065359375 0.7648305078125001 0.668300653125 0.7457627125 0.65849673125 0.7415254234375 0.6421568625 0.724576271875 0.6290849671875 0.724576271875 0.62581699375 0.728813559375 0.5735294125 0.724576271875 0.562091503125 0.7394067796875 0.562091503125 0.75211864375 0.5588235296875 0.7563559328125 0.562091503125 0.7817796609375 0.5702614374999999 0.7881355937500001 0.580065359375 0.7838983046875 0.5947712421875 0.8029661015625 0.5947712421875 0.8199152546875 0.598039215625 0.82838983125 0.60620915 0.8389830515625001 0.614379084375 0.8368644062499999 0.6192810453125001 0.830508475 0.6290849671875 0.830508475 0.6323529406249999 0.8347457625000001 0.6388888890625 0.8347457625000001
1 0.3594771234375 0.5487288140625 0.3545751640625 0.54237288125 0.3349673203125 0.54237288125 0.3267973859375 0.561440678125 0.330065359375 0.5868644062499999 0.35620915000000003 0.5868644062499999 0.35620915000000003 0.58262711875 0.36274509843749997 0.5741525421875 0.36274509843749997 0.5572033890625 0.3594771234375 0.5487288140625
1 0.26960784375 0.5 0.2467320265625 0.5 0.241830065625 0.5063559328125 0.241830065625 0.5148305078125001 0.25 0.5296610171875 0.294117646875 0.5275423734375 0.2973856203125 0.519067796875 0.2892156859375 0.5084745765625 0.2794117640625 0.5084745765625 0.26960784375 0.5
1 0.09477124218750001 0.523305084375 0.1045751640625 0.523305084375 0.1078431375 0.519067796875 0.1078431375 0.50211864375 0.09640522812499999 0.5 0.09477124218750001 0.523305084375
1 0.14215686249999998 0.5 0.12418300625 0.50211864375 0.12418300625 0.5148305078125001 0.1209150328125 0.523305084375 0.12581699375 0.5296610171875 0.1454248359375 0.5296610171875 0.1486928109375 0.5338983046875 0.16013071875 0.5317796609375 0.1666666671875 0.523305084375 0.16176470625 0.5084745765625 0.1552287578125 0.5084745765625 0.14215686249999998 0.5
1 0.3349673203125 0.49576271250000004 0.328431371875 0.5 0.3235294125 0.5105932203125 0.33169934687499997 0.521186440625 0.34640522812499996 0.519067796875 0.364379084375 0.516949153125 0.3692810453125 0.5105932203125 0.3545751640625 0.49576271250000004 0.3349673203125 0.49576271250000004
1 0.37418300625 0.5042372875 0.366013071875 0.5148305078125001 0.367647059375 0.525423728125 0.4150326796875 0.523305084375 0.41339869218749997 0.5127118640624999 0.40032679687500006 0.5084745765625 0.3970588234375 0.5042372875 0.37418300625 0.5042372875
1 0.47222222187499996 0.5 0.4607843140625 0.5148305078125001 0.4607843140625 0.5275423734375 0.46568627500000004 0.5338983046875 0.4673202609375 0.5317796609375 0.5049019609375 0.5296610171875 0.5065359484374999 0.519067796875 0.491830065625 0.5 0.47222222187499996 0.5
2 0.46801461718750004 0.6000761234375 0.49097085937499996 0.597465153125 0.5026503859375 0.5864991234375 0.5159408171875 0.6016426953125 0.5227874640625 0.5870213140625 0.5183572843750001 0.5577785546875 0.503053140625 0.5410683984375 0.49097085937499996 0.5494234953125 0.44787753906249994 0.5494234953125 0.41727343125000005 0.5410409703125 0.4124362875 0.582321584375 0.42814321250000004 0.596943 0.46801461718750004 0.6000761234375
2 0.5614506593749999 0.543157178125 0.581990434375 0.5332355078125001 0.5791712718750001 0.516003178125 0.5747410921875 0.4966820671875 0.49419277812500007 0.49824863906249994 0.5046640984375 0.5212250968750001 0.5107051828125 0.5368908609374999 0.5614506593749999 0.543157178125