3 0.3447712421875 0.644067796875 0.3366013078125 0.6588983046875 0.3366013078125 0.688559321875 0.33986928125000004 0.6927966109375 0.33986928125000004 0.705508475 0.348039215625 0.7161016953125 0.35620915000000003 0.7139830515625001 0.3594771234375 0.7097457625 0.3594771234375 0.6631355937500001 0.3529411765625 0.646186440625 0.3447712421875 0.644067796875
3 0.5833333328125 0.733050846875 0.5751633984375 0.7436440671875 0.571895425 0.75211864375 0.571895425 0.7648305078125001 0.5686274515624999 0.769067796875 0.5686274515624999 0.7775423734375 0.571895425 0.7817796609375 0.571895425 0.7987288140625 0.58986928125 0.8220338984375 0.598039215625 0.8199152546875 0.6045751640625 0.8072033890625001 0.6013071890624999 0.7605932203125 0.59150326875 0.7351694921874999 0.5833333328125 0.733050846875
3 0.26797385625 0.57838983125 0.26797385625 0.5953389828125 0.2728758171875 0.601694915625 0.28431372499999996 0.599576271875 0.28431372499999996 0.58262711875 0.276143790625 0.5720338984375 0.2728758171875 0.5720338984375 0.26797385625 0.57838983125
3 0.794117646875 0.7775423734375 0.794117646875 0.7648305078125001 0.7826797390625 0.7627118640624999 0.7745098046875001 0.769067796875 0.7745098046875001 0.773305084375 0.7647058828125 0.7902542375 0.7647058828125 0.8199152546875 0.76797385625 0.82838983125 0.7859477125 0.8474576265625 0.792483659375 0.8474576265625 0.795751634375 0.851694915625 0.8071895421875 0.8495762718750001 0.8071895421875 0.8241525421875 0.7973856203125 0.8072033890625001 0.7973856203125 0.7817796609375 0.794117646875 0.7775423734375
3 0.3790849671875 0.5360169484374999 0.3807189546875 0.54661016875 0.3921568625 0.544491525 0.3954248359375 0.5360169484374999 0.3905228765625 0.5296610171875 0.383986928125 0.5296610171875 0.3790849671875 0.5360169484374999
3 0.38725490156250003 0.5042372875 0.383986928125 0.5084745765625 0.37745097968749997 0.5084745765625 0.37254902031250003 0.5148305078125001 0.37254902031250003 0.523305084375 0.3692810453125 0.5275423734375 0.3790849671875 0.5360169484374999 0.3807189546875 0.54661016875 0.3921568625 0.544491525 0.3921568625 0.5317796609375 0.3954248359375 0.5275423734375 0.3954248359375 0.5063559328125 0.38725490156250003 0.5042372875
3 0.4150326796875 0.5105932203125 0.4166666671875 0.5296610171875 0.437908496875 0.5275423734375 0.437908496875 0.5148305078125001 0.43300653593750005 0.5042372875 0.419934640625 0.5042372875 0.4150326796875 0.5105932203125
4 0.58823529375 0.7012711859375 0.58823529375 0.641949153125 0.580065359375 0.6313559328125 0.5669934640625 0.62288135625 0.5408496734375 0.62288135625 0.5375816999999999 0.6186440671875 0.5212418296875 0.6186440671875 0.51797385625 0.62288135625 0.508169934375 0.62288135625 0.5032679734375 0.650423728125 0.49346405156250006 0.6588983046875 0.49346405156250006 0.6843220343749999 0.49673202656250004 0.6927966109375 0.5016339875 0.6991525421875 0.5114379078125 0.6991525421875 0.5228758171875 0.7139830515625001 0.5245098046875001 0.7203389828125 0.5310457515625 0.7203389828125 0.534313725 0.724576271875 0.5473856203125 0.724576271875 0.5506535953125 0.728813559375 0.5686274515624999 0.726694915625 0.571895425 0.7182203390625 0.5767973859375 0.7118644062499999 0.5833333328125 0.7118644062499999 0.58823529375 0.7012711859375
2 0.4648983765625 0.6103341609374999 0.4640794546875 0.64007961875 0.4825055390625 0.6581393734375001 0.5001126671875 0.6947900421875 0.53491749375 0.7293160249999999 0.60493664375 0.7277225046875 0.63073314375 0.6799172921875 0.610259715625 0.625206928125 0.5742265 0.5758081734375 0.552524653125 0.5455315374999999 0.4947895953125 0.5534990718749999 0.4788203140625 0.5476562203124999 0.44647229062499993 0.5269406234375 0.40963892187499995 0.5470722796875 0.40839173593749994 0.5715588265625 0.43295985000000003 0.610865321875 0.4648983765625 0.6103341609374999
1 0.30882352968750004 0.5127118640624999 0.3006535953125 0.5148305078125001 0.30228758125 0.525423728125 0.33986928125000004 0.523305084375 0.34640522812499996 0.5105932203125 0.33823529375 0.5 0.3186274515625 0.5 0.30882352968750004 0.5127118640624999
3 0.5588235296875 0.519067796875 0.5588235296875 0.5317796609375 0.5555555562500001 0.5360169484374999 0.5571895421875 0.5381355937500001 0.578431371875 0.5360169484374999 0.578431371875 0.519067796875 0.5735294125 0.5127118640624999 0.563725490625 0.5127118640624999 0.5588235296875 0.519067796875
3 0.437908496875 0.5148305078125001 0.437908496875 0.519067796875 0.44607843125 0.525423728125 0.44771241875 0.523305084375 0.4509803921875 0.519067796875 0.4509803921875 0.5105932203125 0.44281045781249995 0.5084745765625 0.437908496875 0.5148305078125001
1 0.6552287578125 0.79661016875 0.651960784375 0.8008474578125 0.635620915625 0.8050847453125 0.6307189546874999 0.8156779656250001 0.6307189546874999 0.8495762718750001 0.635620915625 0.855932203125 0.6552287578125 0.855932203125 0.65849673125 0.8601694921874999 0.7271241828125 0.8601694921874999 0.73039215625 0.855932203125 0.7434640515625001 0.855932203125 0.7467320265625 0.8601694921874999 0.777777778125 0.8580508468750001 0.7810457515625 0.853813559375 0.7810457515625 0.8453389828125 0.73366013125 0.79661016875 0.6552287578125 0.79661016875