3 0.3594771234375 0.7775423734375 0.349673203125 0.769067796875 0.349673203125 0.7436440671875 0.34640522812499996 0.7394067796875 0.34640522812499996 0.726694915625 0.3431372546875 0.7182203390625 0.33823529375 0.7161016953125 0.3267973859375 0.730932203125 0.3267973859375 0.773305084375 0.330065359375 0.7775423734375 0.3333333328125 0.794491525 0.34150326875000003 0.8050847453125 0.349673203125 0.8029661015625 0.367647059375 0.79237288125 0.3692810453125 0.7860169484374999 0.3611111109375 0.7838983046875 0.3594771234375 0.7775423734375
3 0.784313725 0.7436440671875 0.776143790625 0.733050846875 0.7728758171875 0.7372881359375001 0.759803921875 0.7372881359375001 0.7549019609375 0.7436440671875 0.7549019609375 0.75211864375 0.7483660125 0.769067796875 0.7516339875 0.7860169484374999 0.759803921875 0.79661016875 0.76960784375 0.79661016875 0.7728758171875 0.8008474578125 0.7826797390625 0.8008474578125 0.7859477125 0.8050847453125 0.7875816999999999 0.8029661015625 0.794117646875 0.794491525 0.794117646875 0.7860169484374999 0.784313725 0.7648305078125001 0.784313725 0.7436440671875
3 0.7254901953124999 0.7605932203125 0.7254901953124999 0.75211864375 0.7205882359375 0.7457627125 0.7173202609375 0.7457627125 0.715686275 0.7563559328125 0.7091503265625 0.7605932203125 0.7026143796875 0.7775423734375 0.7189542484375 0.7987288140625 0.7189542484375 0.8029661015625 0.723856209375 0.8093220343749999 0.7287581703125 0.8072033890625001 0.7287581703125 0.7817796609375 0.73202614375 0.7775423734375 0.73202614375 0.769067796875 0.7254901953124999 0.7605932203125
3 0.7287581703125 0.7987288140625 0.7287581703125 0.7775423734375 0.73202614375 0.769067796875 0.7254901953124999 0.7605932203125 0.7254901953124999 0.75211864375 0.7205882359375 0.7457627125 0.7173202609375 0.7457627125 0.715686275 0.7563559328125 0.7107843140625 0.7584745765625 0.705882353125 0.7648305078125001 0.705882353125 0.769067796875 0.6993464046875 0.773305084375 0.6928104578125 0.7902542375 0.6928104578125 0.8072033890625001 0.686274509375 0.8156779656250001 0.686274509375 0.8411016953124999 0.6944444437499999 0.851694915625 0.7189542484375 0.8495762718750001 0.7254901953124999 0.8453389828125 0.73202614375 0.82838983125 0.73202614375 0.8029661015625 0.7287581703125 0.7987288140625
3 0.62418300625 0.688559321875 0.6209150328125 0.67161016875 0.6127450984375 0.669491525 0.6111111109375 0.6758474578125 0.598039215625 0.688559321875 0.598039215625 0.705508475 0.6013071890624999 0.7097457625 0.6013071890624999 0.7182203390625 0.60620915 0.724576271875 0.6127450984375 0.728813559375 0.62418300625 0.726694915625 0.62418300625 0.7182203390625 0.6274509796875 0.7139830515625001 0.6274509796875 0.6927966109375 0.62418300625 0.688559321875
3 0.6470588234375 0.6588983046875 0.6470588234375 0.641949153125 0.6421568625 0.6355932203125 0.6388888890625 0.6355932203125 0.6274509796875 0.6546610171875 0.6274509796875 0.67161016875 0.6307189546874999 0.6758474578125 0.6307189546874999 0.6843220343749999 0.635620915625 0.6906779656250001 0.6470588234375 0.688559321875 0.6503267968750001 0.6800847453125 0.6470588234375 0.6758474578125 0.6503267968750001 0.6631355937500001 0.6470588234375 0.6588983046875
3 0.5947712421875 0.646186440625 0.5947712421875 0.6334745765625 0.58986928125 0.62711864375 0.5833333328125 0.62711864375 0.5751633984375 0.641949153125 0.5751633984375 0.67161016875 0.5866013078125001 0.6822033890625 0.59150326875 0.6800847453125 0.59150326875 0.6631355937500001 0.5947712421875 0.6588983046875 0.59150326875 0.650423728125 0.5947712421875 0.646186440625
3 0.3202614375 0.58262711875 0.3202614375 0.608050846875 0.32516339843750003 0.6144067796875 0.3333333328125 0.6122881359375001 0.3366013078125 0.603813559375 0.3366013078125 0.5868644062499999 0.328431371875 0.5720338984375 0.3202614375 0.58262711875
3 0.36274509843749997 0.5529661015625 0.36274509843749997 0.5275423734375 0.3545751640625 0.525423728125 0.349673203125 0.5529661015625 0.36274509843749997 0.5529661015625
3 0.3790849671875 0.523305084375 0.37254902031250003 0.544491525 0.37581699375 0.5487288140625 0.37745097968749997 0.5593220343749999 0.385620915625 0.5572033890625 0.3888888890625 0.5529661015625 0.3888888890625 0.523305084375 0.383986928125 0.516949153125 0.3790849671875 0.523305084375
3 0.40196078437500005 0.5275423734375 0.3986928109375 0.5487288140625 0.40849673124999997 0.5487288140625 0.41176470624999995 0.544491525 0.41176470624999995 0.5275423734375 0.4068627453125 0.521186440625 0.40196078437500005 0.5275423734375
3 0.4607843140625 0.523305084375 0.46241830000000006 0.5338983046875 0.4771241828125 0.5317796609375 0.4771241828125 0.519067796875 0.47222222187499996 0.5127118640624999 0.4689542484375 0.5127118640624999 0.4607843140625 0.523305084375
3 0.5228758171875 0.5063559328125 0.5245098046875001 0.5127118640624999 0.534313725 0.5127118640624999 0.5375816999999999 0.516949153125 0.5392156859375 0.5148305078125001 0.542483659375 0.5105932203125 0.5408496734375 0.49576271250000004 0.5310457515625 0.49576271250000004 0.5228758171875 0.5063559328125
4 0.48856209218749996 0.474576271875 0.46241830000000006 0.474576271875 0.455882353125 0.483050846875 0.44934640468750003 0.483050846875 0.44117647031249996 0.49788135625 0.44117647031249996 0.5105932203125 0.44607843125 0.516949153125 0.4591503265625 0.516949153125 0.46241830000000006 0.5127118640624999 0.4852941171875 0.5127118640624999 0.491830065625 0.516949153125 0.4983660125 0.5127118640624999 0.5049019609375 0.521186440625 0.5065359484374999 0.519067796875 0.509803921875 0.5148305078125001 0.508169934375 0.478813559375 0.491830065625 0.478813559375 0.48856209218749996 0.474576271875
4 0.3006535953125 0.5402542375 0.2859477125 0.521186440625 0.2467320265625 0.521186440625 0.241830065625 0.5275423734375 0.2450980390625 0.5487288140625 0.259803921875 0.5720338984375 0.26960784375 0.5720338984375 0.2728758171875 0.5762711859375 0.276143790625 0.5677966109375 0.292483659375 0.5677966109375 0.292483659375 0.5762711859375 0.276143790625 0.5762711859375 0.27450980468749997 0.58262711875 0.3006535953125 0.58262711875 0.3071895421875 0.5741525421875 0.30392156875 0.5656779656250001 0.30392156875 0.5487288140625 0.3006535953125 0.5402542375
3 0.3235294125 0.523305084375 0.3235294125 0.544491525 0.330065359375 0.544491525 0.3333333328125 0.5402542375 0.33169934687499997 0.516949153125 0.328431371875 0.516949153125 0.3235294125 0.523305084375
3 0.258169934375 0.58262711875 0.258169934375 0.603813559375 0.2630718953125 0.6101694921874999 0.2712418296875 0.608050846875 0.2712418296875 0.5953389828125 0.27450980468749997 0.5868644062499999 0.26633986875 0.5720338984375 0.258169934375 0.58262711875
3 0.32516339843750003 0.5084745765625 0.31535947656249996 0.5127118640624999 0.30228758125 0.5042372875 0.2973856203125 0.5105932203125 0.2990196078125 0.525423728125 0.312091503125 0.525423728125 0.3235294125 0.5360169484374999 0.32516339843750003 0.54661016875 0.330065359375 0.544491525 0.330065359375 0.5360169484374999 0.3366013078125 0.5275423734375 0.3366013078125 0.523305084375 0.32516339843750003 0.5084745765625
2 0.5498012125 0.7066865765625 0.5863140875 0.6791636109375 0.5951956203125001 0.636278975 0.5567090296874999 0.5761124703125 0.519702703125 0.5421888140625 0.48763055624999996 0.5402686109375 0.42885113124999996 0.5408556828125 0.41312449687499997 0.5818731015624999 0.5068738140625 0.6990057921874999 0.5498012125 0.7066865765625
4 0.5506535953125 0.605932203125 0.5375816999999999 0.5974576265625 0.49509803906250005 0.5974576265625 0.491830065625 0.601694915625 0.48856209218749996 0.5974576265625 0.46568627500000004 0.5974576265625 0.454248365625 0.6122881359375001 0.45751634062499996 0.6377118640624999 0.46568627500000004 0.648305084375 0.4754901953125 0.6525423734375 0.48856209218749996 0.669491525 0.491830065625 0.669491525 0.49346405156250006 0.6758474578125 0.4983660125 0.6779661015625 0.5049019609375 0.6906779656250001 0.508169934375 0.6906779656250001 0.5147058828125 0.6991525421875 0.5408496734375 0.6991525421875 0.544117646875 0.6949152546875 0.5506535953125 0.6991525421875 0.55228758125 0.6970338984375 0.5653594765625 0.6843220343749999 0.5653594765625 0.6165254234375 0.5571895421875 0.605932203125 0.5506535953125 0.605932203125
1 0.4852941171875 0.5932203390625 0.4787581703125 0.5974576265625 0.46241830000000006 0.5974576265625 0.454248365625 0.6122881359375001 0.45751634062499996 0.6377118640624999 0.4754901953125 0.6567796609375 0.48366013125 0.6546610171875 0.48366013125 0.6377118640624999 0.4869281046875 0.6334745765625 0.490196078125 0.599576271875 0.4852941171875 0.5932203390625