3 0.40849673124999997 0.7817796609375 0.4052287578125 0.7775423734375 0.40849673124999997 0.7648305078125001 0.3986928109375 0.7394067796875 0.39379084999999997 0.733050846875 0.3905228765625 0.733050846875 0.37581699375 0.769067796875 0.37581699375 0.7860169484374999 0.3790849671875 0.7902542375 0.3790849671875 0.8114406781250001 0.38725490156250003 0.8135593218749999 0.3954248359375 0.8241525421875 0.3954248359375 0.8368644062499999 0.3986928109375 0.8368644062499999 0.40196078437500005 0.83262711875 0.40196078437500005 0.8156779656250001 0.40849673124999997 0.8029661015625 0.40849673124999997 0.7817796609375
3 0.330065359375 0.7648305078125001 0.3366013078125 0.74788135625 0.3333333328125 0.730932203125 0.321895425 0.7161016953125 0.313725490625 0.7224576265625 0.313725490625 0.730932203125 0.310457515625 0.7351694921874999 0.310457515625 0.74788135625 0.313725490625 0.75211864375 0.310457515625 0.7563559328125 0.310457515625 0.7775423734375 0.3169934640625 0.7902542375 0.3169934640625 0.8072033890625001 0.3202614375 0.8072033890625001 0.3235294125 0.8029661015625 0.3235294125 0.7902542375 0.330065359375 0.7817796609375 0.330065359375 0.7648305078125001
3 0.3545751640625 0.62711864375 0.34640522812499996 0.641949153125 0.34640522812499996 0.6546610171875 0.349673203125 0.6588983046875 0.349673203125 0.6800847453125 0.3578431375 0.6906779656250001 0.366013071875 0.688559321875 0.3692810453125 0.6800847453125 0.3692810453125 0.646186440625 0.36274509843749997 0.6292372875 0.3545751640625 0.62711864375
3 0.2973856203125 0.561440678125 0.2973856203125 0.5699152546875 0.30555555624999997 0.580508475 0.310457515625 0.57838983125 0.313725490625 0.5699152546875 0.313725490625 0.5572033890625 0.30555555624999997 0.54661016875 0.2973856203125 0.561440678125
3 0.330065359375 0.5487288140625 0.330065359375 0.5656779656250001 0.3267973859375 0.5699152546875 0.330065359375 0.57838983125 0.3349673203125 0.5847457625 0.3366013078125 0.58262711875 0.33986928125000004 0.57838983125 0.33986928125000004 0.5487288140625 0.3349673203125 0.54237288125 0.330065359375 0.5487288140625
3 0.2647058828125 0.5953389828125 0.2647058828125 0.5699152546875 0.2565359484375 0.5593220343749999 0.2549019609375 0.5953389828125 0.2647058828125 0.5953389828125
3 0.3888888890625 0.5317796609375 0.3888888890625 0.5487288140625 0.3954248359375 0.5487288140625 0.40196078437500005 0.5360169484374999 0.40196078437500005 0.523305084375 0.3970588234375 0.516949153125 0.3888888890625 0.5317796609375
3 0.364379084375 0.516949153125 0.35620915000000003 0.5275423734375 0.35620915000000003 0.5487288140625 0.3692810453125 0.5487288140625 0.3692810453125 0.5402542375 0.37581699375 0.523305084375 0.3709150328125 0.516949153125 0.364379084375 0.516949153125
3 0.3545751640625 0.516949153125 0.348039215625 0.5084745765625 0.33986928125000004 0.5148305078125001 0.33986928125000004 0.5275423734375 0.3447712421875 0.5338983046875 0.3513071890625 0.5338983046875 0.35620915000000003 0.5402542375 0.3578431375 0.5508474578125 0.3692810453125 0.5487288140625 0.37581699375 0.5317796609375 0.37581699375 0.523305084375 0.3709150328125 0.516949153125 0.3545751640625 0.516949153125
1 0.5506535953125 0.6313559328125 0.5375816999999999 0.62288135625 0.5114379078125 0.62288135625 0.4983660125 0.6313559328125 0.490196078125 0.641949153125 0.49346405156250006 0.66737288125 0.4983660125 0.669491525 0.5147058828125 0.6906779656250001 0.562091503125 0.688559321875 0.562091503125 0.6800847453125 0.5653594765625 0.6758474578125 0.562091503125 0.650423728125 0.5506535953125 0.6313559328125
1 0.6372549015625 0.7351694921874999 0.633986928125 0.7224576265625 0.6225490203125 0.70762711875 0.6094771234375 0.6991525421875 0.5767973859375 0.6991525421875 0.5669934640625 0.70762711875 0.560457515625 0.70762711875 0.5490196078125 0.7224576265625 0.5555555562500001 0.74788135625 0.578431371875 0.7775423734375 0.578431371875 0.7817796609375 0.5833333328125 0.7881355937500001 0.6029411765625 0.7881355937500001 0.60620915 0.7838983046875 0.616013071875 0.7838983046875 0.6192810453125001 0.7881355937500001 0.62418300625 0.7860169484374999 0.635620915625 0.7838983046875 0.6470588234375 0.769067796875 0.6470588234375 0.75211864375 0.6372549015625 0.7351694921874999
1 0.7516339875 0.8368644062499999 0.7516339875 0.82838983125 0.7434640515625001 0.8220338984375 0.73366013125 0.8050847453125 0.7107843140625 0.7838983046875 0.704248365625 0.7838983046875 0.7009803921875 0.7796610171875 0.6421568625 0.7796610171875 0.6323529406249999 0.7881355937500001 0.62581699375 0.7881355937500001 0.6225490203125 0.79661016875 0.6192810453125001 0.79661016875 0.616013071875 0.7881355937500001 0.6078431375 0.7902542375 0.6045751640625 0.7987288140625 0.6045751640625 0.83262711875 0.616013071875 0.851694915625 0.6225490203125 0.851694915625 0.6323529406249999 0.8601694921874999 0.6388888890625 0.855932203125 0.6454248359375 0.855932203125 0.6486928109375001 0.8601694921874999 0.651960784375 0.855932203125 0.671568628125 0.855932203125 0.6748366015625 0.8601694921874999 0.69607843125 0.8580508468750001 0.75 0.855932203125 0.7549019609375 0.8495762718750001 0.7549019609375 0.8411016953124999 0.7516339875 0.8368644062499999
1 0.6748366015625 0.669491525 0.668300653125 0.6652542375 0.6323529406249999 0.6652542375 0.62581699375 0.669491525 0.6111111109375 0.688559321875 0.614379084375 0.6970338984375 0.6225490203125 0.70762711875 0.6274509796875 0.7097457625 0.6274509796875 0.7139830515625001 0.6372549015625 0.726694915625 0.6405228765625 0.7394067796875 0.6486928109375001 0.75 0.6928104578125 0.74788135625 0.7026143796875 0.7351694921874999 0.7026143796875 0.7139830515625001 0.6928104578125 0.688559321875 0.6748366015625 0.669491525
4 0.4591503265625 0.563559321875 0.454248365625 0.5741525421875 0.454248365625 0.5953389828125 0.4509803921875 0.599576271875 0.4509803921875 0.6122881359375001 0.454248365625 0.6165254234375 0.454248365625 0.625 0.47222222187499996 0.648305084375 0.48039215625000004 0.646186440625 0.509803921875 0.6207627125 0.5130718953125 0.57838983125 0.4983660125 0.563559321875 0.4591503265625 0.563559321875
4 0.455882353125 0.563559321875 0.44607843125 0.563559321875 0.439542484375 0.5720338984375 0.428104575 0.57838983125 0.428104575 0.5953389828125 0.43300653593750005 0.601694915625 0.439542484375 0.605932203125 0.4509803921875 0.603813559375 0.454248365625 0.5953389828125 0.454248365625 0.5741525421875 0.45751634062499996 0.5699152546875 0.455882353125 0.563559321875
1 0.455882353125 0.563559321875 0.44607843125 0.563559321875 0.428104575 0.57838983125 0.428104575 0.5953389828125 0.43300653593750005 0.601694915625 0.439542484375 0.605932203125 0.4509803921875 0.603813559375 0.454248365625 0.5953389828125 0.454248365625 0.57838983125 0.45751634062499996 0.5741525421875 0.455882353125 0.563559321875
3 0.46405228750000005 0.519067796875 0.46568627500000004 0.5296610171875 0.48366013125 0.5275423734375 0.4869281046875 0.523305084375 0.48202614375 0.5127118640624999 0.4689542484375 0.5127118640624999 0.46405228750000005 0.519067796875
3 0.43137254843750006 0.5148305078125001 0.43300653593750005 0.525423728125 0.44771241875 0.523305084375 0.4509803921875 0.519067796875 0.44607843125 0.5084745765625 0.436274509375 0.5084745765625 0.43137254843750006 0.5148305078125001
3 0.8709150328125 0.830508475 0.8660130718750001 0.8241525421875 0.8627450984375 0.8156779656250001 0.8660130718750001 0.8114406781250001 0.8578431375 0.79661016875 0.8545751640624999 0.79661016875 0.8431372546875 0.8114406781250001 0.83986928125 0.8199152546875 0.83986928125 0.8411016953124999 0.8447712421875 0.851694915625 0.8513071890624999 0.855932203125 0.8921568625 0.853813559375 0.8954248359375001 0.8495762718750001 0.8921568625 0.8368644062499999 0.8872549015625 0.830508475 0.8709150328125 0.830508475
3 0.758169934375 0.7902542375 0.7614379078125 0.7817796609375 0.758169934375 0.7775423734375 0.7549019609375 0.7605932203125 0.7467320265625 0.75 0.7434640515625001 0.75 0.7352941171875 0.769067796875 0.7287581703125 0.7775423734375 0.7287581703125 0.7987288140625 0.7467320265625 0.8220338984375 0.7532679734375 0.8262711859375 0.758169934375 0.8241525421875 0.7614379078125 0.8199152546875 0.7614379078125 0.8114406781250001 0.758169934375 0.8072033890625001 0.758169934375 0.7902542375
3 0.73039215625 0.7542372875 0.7352941171875 0.74788135625 0.73202614375 0.730932203125 0.723856209375 0.728813559375 0.7205882359375 0.7161016953125 0.7140522875 0.7161016953125 0.69607843125 0.7436440671875 0.6928104578125 0.7648305078125001 0.69771241875 0.775423728125 0.705882353125 0.773305084375 0.7091503265625 0.769067796875 0.7107843140625 0.7584745765625 0.7173202609375 0.7542372875 0.73039215625 0.7542372875
3 0.7810457515625 0.726694915625 0.7810457515625 0.7182203390625 0.776143790625 0.7118644062499999 0.76960784375 0.7203389828125 0.76633986875 0.7161016953125 0.759803921875 0.7161016953125 0.7532679734375 0.728813559375 0.75 0.724576271875 0.7450980390625 0.726694915625 0.7483660125 0.730932203125 0.7450980390625 0.74788135625 0.758169934375 0.7648305078125001 0.758169934375 0.773305084375 0.7630718953125 0.7796610171875 0.7712418296875 0.7775423734375 0.7794117640625 0.775423728125 0.784313725 0.769067796875 0.784313725 0.730932203125 0.7810457515625 0.726694915625
4 0.3424801921875 0.47748102187499997 0.2925965203125 0.4790979875 0.2820309078125 0.4875451734375 0.2782549609375 0.5179053140625001 0.3424801921875 0.5073949875 0.3424801921875 0.47748102187499997
2 0.546379628125 0.6254338765624999 0.56259179375 0.6561563265625 0.59002778125 0.6868788265625 0.6093576859375001 0.6852618046875001 0.6068635125 0.64322060625 0.58254535 0.6359442328125 0.5644624015625 0.5664144328125 0.508966859375 0.5365004953125 0.40336888281250005 0.5493851015625 0.47591891875 0.6448375671875 0.5133316406249999 0.615732059375 0.546379628125 0.6254338765624999
3 0.534313725 0.521186440625 0.5490196078125 0.519067796875 0.5473856203125 0.5084745765625 0.5375816999999999 0.5084745765625 0.5326797390625 0.5148305078125001 0.534313725 0.521186440625
3 0.1372549015625 0.5148305078125001 0.1372549015625 0.5275423734375 0.1470588234375 0.5275423734375 0.1568627453125 0.523305084375 0.1568627453125 0.519067796875 0.1486928109375 0.5084745765625 0.1372549015625 0.5148305078125001