3 0.7009803921875 0.7584745765625 0.6748366015625 0.7584745765625 0.66013071875 0.8029661015625 0.6764705875 0.853813559375 0.7385620921875 0.8580508468750001 0.7450980390625 0.7987288140625 0.73202614375 0.7436440671875 0.7140522875 0.733050846875 0.7009803921875 0.7584745765625
3 0.58986928125 0.644067796875 0.5653594765625 0.6631355937500001 0.562091503125 0.7648305078125001 0.598039215625 0.8029661015625 0.614379084375 0.7648305078125001 0.6176470593750001 0.6927966109375 0.6111111109375 0.6588983046875 0.58986928125 0.644067796875
3 0.2647058828125 0.523305084375 0.2712418296875 0.5741525421875 0.28431372499999996 0.5868644062499999 0.2973856203125 0.561440678125 0.2973856203125 0.5063559328125 0.276143790625 0.483050846875 0.2647058828125 0.523305084375
3 0.33986928125000004 0.6970338984375 0.367647059375 0.733050846875 0.3888888890625 0.730932203125 0.3888888890625 0.6334745765625 0.3545751640625 0.5762711859375 0.3366013078125 0.6165254234375 0.33986928125000004 0.6970338984375
3 0.3921568625 0.650423728125 0.41830065312500003 0.7012711859375 0.42483660156249997 0.599576271875 0.3970588234375 0.563559321875 0.385620915625 0.58262711875 0.3921568625 0.650423728125
3 0.7647058828125 0.6588983046875 0.7614379078125 0.6927966109375 0.8039215687500001 0.7394067796875 0.813725490625 0.7224576265625 0.810457515625 0.6546610171875 0.792483659375 0.62288135625 0.7647058828125 0.6588983046875
3 0.6993464046875 0.5741525421875 0.6993464046875 0.5572033890625 0.6911764703125 0.54237288125 0.6846405234375 0.54237288125 0.6797385625000001 0.5487288140625 0.6797385625000001 0.5572033890625 0.6748366015625 0.5593220343749999 0.6666666671875 0.5699152546875 0.6666666671875 0.5911016953125 0.6764705875 0.5953389828125 0.6764705875 0.603813559375 0.686274509375 0.6292372875 0.6830065359375 0.6377118640624999 0.686274509375 0.641949153125 0.686274509375 0.650423728125 0.6911764703125 0.6567796609375 0.6928104578125 0.6546610171875 0.6928104578125 0.650423728125 0.7026143796875 0.6377118640624999 0.7026143796875 0.57838983125 0.6993464046875 0.5741525421875
3 0.686274509375 0.625 0.6830065359375 0.6207627125 0.6830065359375 0.6122881359375001 0.671568628125 0.5974576265625 0.668300653125 0.5974576265625 0.6633986921874999 0.603813559375 0.6633986921874999 0.608050846875 0.651960784375 0.6144067796875 0.6470588234375 0.625 0.6470588234375 0.641949153125 0.64379085 0.646186440625 0.64379085 0.67161016875 0.6470588234375 0.6800847453125 0.6568627453125 0.688559321875 0.66013071875 0.7139830515625001 0.668300653125 0.724576271875 0.6764705875 0.7224576265625 0.686274509375 0.7097457625 0.686274509375 0.7012711859375 0.6830065359375 0.6970338984375 0.686274509375 0.625
3 0.6111111109375 0.5656779656250001 0.5996732031249999 0.54661016875 0.5866013078125001 0.54661016875 0.578431371875 0.5572033890625 0.5751633984375 0.5656779656250001 0.5751633984375 0.57838983125 0.5686274515624999 0.5868644062499999 0.5686274515624999 0.5953389828125 0.5653594765625 0.599576271875 0.5653594765625 0.625 0.580065359375 0.6398305078125001 0.6045751640625 0.6377118640624999 0.6111111109375 0.625 0.6111111109375 0.5953389828125 0.6078431375 0.5911016953125 0.6111111109375 0.5656779656250001
3 0.55228758125 0.57838983125 0.55228758125 0.5529661015625 0.5555555562500001 0.5487288140625 0.5555555562500001 0.5360169484374999 0.5490196078125 0.5275423734375 0.5473856203125 0.5127118640624999 0.544117646875 0.5127118640624999 0.542483659375 0.519067796875 0.51960784375 0.544491525 0.5228758171875 0.561440678125 0.51960784375 0.5656779656250001 0.51960784375 0.57838983125 0.51633986875 0.58262711875 0.51633986875 0.5953389828125 0.5130718953125 0.599576271875 0.5147058828125 0.6144067796875 0.5212418296875 0.6144067796875 0.5245098046875001 0.6101694921874999 0.5310457515625 0.6144067796875 0.5392156859375 0.6122881359375001 0.5473856203125 0.601694915625 0.5555555562500001 0.599576271875 0.5555555562500001 0.58262711875 0.55228758125 0.57838983125
3 0.9003267968750001 0.8177966109374999 0.89379085 0.8177966109374999 0.8692810453125001 0.7902542375 0.8660130718750001 0.773305084375 0.8709150328125 0.771186440625 0.87581699375 0.7605932203125 0.8709150328125 0.7542372875 0.8611111109375 0.7542372875 0.8513071890624999 0.775423728125 0.8447712421875 0.775423728125 0.84150326875 0.771186440625 0.83823529375 0.7796610171875 0.8218954249999999 0.7796610171875 0.8186274515624999 0.7838983046875 0.812091503125 0.7796610171875 0.7990196078125 0.7796610171875 0.7908496734375 0.794491525 0.7908496734375 0.8114406781250001 0.794117646875 0.8156779656250001 0.7908496734375 0.8199152546875 0.794117646875 0.8241525421875 0.7908496734375 0.82838983125 0.794117646875 0.8368644062499999 0.7908496734375 0.8411016953124999 0.794117646875 0.8453389828125 0.7908496734375 0.8495762718750001 0.795751634375 0.855932203125 0.8578431375 0.855932203125 0.8611111109375 0.8601694921874999 0.8643790843750001 0.855932203125 0.8709150328125 0.8601694921874999 0.89379085 0.8601694921874999 0.8970588234375001 0.855932203125 0.903594771875 0.8601694921874999 0.9248366015625 0.8580508468750001 0.9281045750000001 0.853813559375 0.9281045750000001 0.8453389828125 0.9166666671874999 0.830508475 0.9003267968750001 0.8177966109374999
3 0.4869281046875 0.50211864375 0.48366013125 0.49788135625 0.48039215625000004 0.48093220312499996 0.4754901953125 0.474576271875 0.47222222187499996 0.474576271875 0.4607843140625 0.49364406718750004 0.4607843140625 0.519067796875 0.46405228750000005 0.523305084375 0.46405228750000005 0.5317796609375 0.45751634062499996 0.544491525 0.45751634062499996 0.5529661015625 0.4607843140625 0.5572033890625 0.4607843140625 0.5656779656250001 0.4705882359375 0.57838983125 0.4705882359375 0.5868644062499999 0.4771241828125 0.5868644062499999 0.4771241828125 0.5741525421875 0.48366013125 0.5656779656250001 0.48366013125 0.5105932203125 0.4869281046875 0.50211864375
3 0.43300653593750005 0.5127118640624999 0.4232026140625 0.5127118640624999 0.41830065312500003 0.519067796875 0.4150326796875 0.544491525 0.41830065312500003 0.5487288140625 0.41830065312500003 0.561440678125 0.42483660156249997 0.57838983125 0.43137254843750006 0.57838983125 0.43137254843750006 0.5699152546875 0.437908496875 0.561440678125 0.437908496875 0.519067796875 0.43300653593750005 0.5127118640624999
3 0.43464052343750004 0.4470338984375 0.43464052343750004 0.438559321875 0.4232026140625 0.4322033890625 0.4150326796875 0.4427966109375 0.4150326796875 0.4894067796875 0.43137254843750006 0.4894067796875 0.43464052343750004 0.48516949218749994 0.43464052343750004 0.45550847499999997 0.437908496875 0.4512711859375 0.43464052343750004 0.4470338984375
3 0.37254902031250003 0.4258474578125 0.37254902031250003 0.43432203437499994 0.37581699375 0.438559321875 0.37254902031250003 0.4427966109375 0.37254902031250003 0.4597457625 0.37581699375 0.46822033906250005 0.383986928125 0.478813559375 0.385620915625 0.476694915625 0.3954248359375 0.4639830515625 0.3954248359375 0.41737288125000005 0.38725490156250003 0.4025423734375 0.37254902031250003 0.4258474578125
3 0.348039215625 0.398305084375 0.33986928125000004 0.41313559375000003 0.33986928125000004 0.4427966109375 0.3366013078125 0.4470338984375 0.3366013078125 0.4597457625 0.3447712421875 0.47033898281250003 0.3594771234375 0.46822033906250005 0.36274509843749997 0.4639830515625 0.3594771234375 0.4088983046875 0.3545751640625 0.398305084375 0.348039215625 0.398305084375
3 0.3202614375 0.4088983046875 0.3169934640625 0.40466101718749997 0.3169934640625 0.37923728749999996 0.312091503125 0.37288135625 0.30555555624999997 0.37288135625 0.2973856203125 0.3834745765625 0.3006535953125 0.391949153125 0.3006535953125 0.400423728125 0.2973856203125 0.40466101718749997 0.2973856203125 0.438559321875 0.3006535953125 0.4427966109375 0.3006535953125 0.4597457625 0.30555555624999997 0.4661016953125 0.310457515625 0.4639830515625 0.3169934640625 0.45550847499999997 0.3169934640625 0.42161016875 0.3202614375 0.41737288125000005 0.3202614375 0.4088983046875
3 0.436274509375 0.4110169484375 0.43464052343750004 0.438559321875 0.437908496875 0.4427966109375 0.437908496875 0.45550847499999997 0.44444444375 0.45550847499999997 0.44444444375 0.4427966109375 0.44771241875 0.438559321875 0.44771241875 0.41313559375000003 0.436274509375 0.4110169484375
1 0.4607843140625 0.75211864375 0.436274509375 0.733050846875 0.37745097968749997 0.7372881359375001 0.3513071890625 0.75 0.3333333328125 0.773305084375 0.3267973859375 0.82838983125 0.330065359375 0.83262711875 0.330065359375 0.853813559375 0.3349673203125 0.8601694921874999 0.5065359484374999 0.8580508468750001 0.5130718953125 0.853813559375 0.49346405156250006 0.8072033890625001 0.4673202609375 0.769067796875 0.4607843140625 0.75211864375