3 0.42483660156249997 0.8114406781250001 0.42483660156249997 0.8072033890625001 0.41830065312500003 0.7987288140625 0.41830065312500003 0.7902542375 0.41176470624999995 0.773305084375 0.4068627453125 0.766949153125 0.40359477187500004 0.766949153125 0.3986928109375 0.773305084375 0.3954248359375 0.7860169484374999 0.3888888890625 0.794491525 0.3888888890625 0.8368644062499999 0.3921568625 0.8453389828125 0.40032679687500006 0.851694915625 0.4150326796875 0.8495762718750001 0.4150326796875 0.8411016953124999 0.41830065312500003 0.8368644062499999 0.41830065312500003 0.8199152546875 0.42483660156249997 0.8114406781250001
3 0.614379084375 0.705508475 0.6111111109375 0.688559321875 0.6029411765625 0.6779661015625 0.5996732031249999 0.6779661015625 0.5849673203125 0.7012711859375 0.5849673203125 0.7182203390625 0.596405228125 0.7415254234375 0.6029411765625 0.7415254234375 0.60620915 0.7457627125 0.6111111109375 0.7436440671875 0.6111111109375 0.730932203125 0.614379084375 0.726694915625 0.6176470593750001 0.7097457625 0.614379084375 0.705508475
3 0.34150326875000003 0.6186440671875 0.33823529375 0.6186440671875 0.3333333328125 0.625 0.3333333328125 0.650423728125 0.33823529375 0.6567796609375 0.34640522812499996 0.6546610171875 0.349673203125 0.650423728125 0.349673203125 0.6334745765625 0.34640522812499996 0.625 0.34150326875000003 0.6186440671875
3 0.3071895421875 0.6207627125 0.295751634375 0.6186440671875 0.294117646875 0.650423728125 0.2908496734375 0.6588983046875 0.295751634375 0.6652542375 0.30228758125 0.6652542375 0.30555555624999997 0.669491525 0.3071895421875 0.66737288125 0.313725490625 0.6631355937500001 0.313725490625 0.6546610171875 0.3071895421875 0.6377118640624999 0.3071895421875 0.6207627125
3 0.571895425 0.6292372875 0.5669934640625 0.62288135625 0.563725490625 0.62288135625 0.55228758125 0.646186440625 0.55228758125 0.6546610171875 0.5555555562500001 0.6588983046875 0.5555555562500001 0.67161016875 0.560457515625 0.6779661015625 0.571895425 0.6758474578125 0.5751633984375 0.67161016875 0.5751633984375 0.650423728125 0.571895425 0.646186440625 0.571895425 0.6292372875
3 0.2630718953125 0.580508475 0.258169934375 0.5911016953125 0.2614379078125 0.6165254234375 0.26960784375 0.62288135625 0.27450980468749997 0.6207627125 0.27450980468749997 0.5953389828125 0.2712418296875 0.5868644062499999 0.26633986875 0.580508475 0.2630718953125 0.580508475
3 0.4052287578125 0.4894067796875 0.40032679687500006 0.483050846875 0.3954248359375 0.49788135625 0.3888888890625 0.5063559328125 0.3888888890625 0.5275423734375 0.39379084999999997 0.5338983046875 0.40196078437500005 0.5317796609375 0.40849673124999997 0.519067796875 0.40849673124999997 0.5063559328125 0.4052287578125 0.50211864375 0.4052287578125 0.4894067796875
3 0.41339869218749997 0.5338983046875 0.428104575 0.5317796609375 0.4264705875 0.516949153125 0.419934640625 0.516949153125 0.41176470624999995 0.5275423734375 0.41339869218749997 0.5338983046875
3 0.439542484375 0.5127118640624999 0.43464052343750004 0.519067796875 0.43464052343750004 0.5317796609375 0.44444444375 0.5317796609375 0.44771241875 0.5275423734375 0.44771241875 0.519067796875 0.44281045781249995 0.5127118640624999 0.439542484375 0.5127118640624999
3 0.526143790625 0.5275423734375 0.526143790625 0.5317796609375 0.5310457515625 0.5381355937500001 0.5490196078125 0.5360169484374999 0.5490196078125 0.5275423734375 0.5375816999999999 0.516949153125 0.5310457515625 0.516949153125 0.526143790625 0.5275423734375
3 0.454248365625 0.5105932203125 0.454248365625 0.519067796875 0.4607843140625 0.519067796875 0.4705882359375 0.5063559328125 0.46568627500000004 0.5 0.46241830000000006 0.5 0.454248365625 0.5105932203125
1 0.49509803906250005 0.5042372875 0.491830065625 0.5084745765625 0.48856209218749996 0.5042372875 0.4787581703125 0.5042372875 0.47385620937499995 0.5105932203125 0.47385620937499995 0.519067796875 0.4705882359375 0.523305084375 0.4754901953125 0.5338983046875 0.5 0.5317796609375 0.509803921875 0.5275423734375 0.509803921875 0.519067796875 0.5016339875 0.5042372875 0.49509803906250005 0.5042372875
1 0.26633986875 0.5338983046875 0.2630718953125 0.5296610171875 0.259803921875 0.5338983046875 0.2467320265625 0.5338983046875 0.241830065625 0.5402542375 0.241830065625 0.5487288140625 0.25 0.5508474578125 0.2630718953125 0.5677966109375 0.2973856203125 0.5656779656250001 0.3006535953125 0.5572033890625 0.2859477125 0.5381355937500001 0.2794117640625 0.5338983046875 0.26633986875 0.5338983046875
1 0.3545751640625 0.5 0.33169934687499997 0.5 0.3267973859375 0.5063559328125 0.328431371875 0.525423728125 0.37254902031250003 0.523305084375 0.37581699375 0.519067796875 0.367647059375 0.5042372875 0.3578431375 0.5042372875 0.3545751640625 0.5
2 0.47984827812499997 0.6157587375 0.4886417578125 0.6139576109375 0.4928070953125 0.6007494875 0.51455935625 0.6007494875 0.5210387640625 0.590543165625 0.54001415 0.6001491234375 0.5414026078124999 0.5725320890625001 0.527980984375 0.55512139375 0.51455935625 0.5401121390625 0.49326990156250006 0.5539206015625 0.43819497968750004 0.5497180078125 0.4312527640625 0.5365098859375 0.40514554843750006 0.5478229578125 0.43032715 0.6019502078125 0.4738316765625 0.599548715625 0.47984827812499997 0.6157587375
3 0.5490196078125 0.5741525421875 0.55228758125 0.57838983125 0.55228758125 0.5868644062499999 0.5571895421875 0.5932203390625 0.5588235296875 0.5911016953125 0.5653594765625 0.58262711875 0.5653594765625 0.561440678125 0.560457515625 0.5508474578125 0.5490196078125 0.5741525421875
4 0.312091503125 0.5677966109375 0.30555555624999997 0.563559321875 0.294117646875 0.5741525421875 0.294117646875 0.5868644062499999 0.2908496734375 0.5911016953125 0.294117646875 0.6122881359375001 0.30555555624999997 0.6186440671875 0.312091503125 0.62711864375 0.3235294125 0.625 0.330065359375 0.6165254234375 0.330065359375 0.58262711875 0.321895425 0.5677966109375 0.312091503125 0.5677966109375
4 0.3921568625 0.5699152546875 0.3888888890625 0.5656779656250001 0.3888888890625 0.5572033890625 0.383986928125 0.5508474578125 0.37418300625 0.5508474578125 0.3709150328125 0.54661016875 0.3611111109375 0.54661016875 0.3578431375 0.5508474578125 0.3545751640625 0.54661016875 0.34640522812499996 0.5529661015625 0.34640522812499996 0.5953389828125 0.3513071890625 0.5974576265625 0.3578431375 0.6101694921874999 0.3921568625 0.608050846875 0.3954248359375 0.603813559375 0.3954248359375 0.5953389828125 0.3921568625 0.5911016953125 0.3921568625 0.5699152546875
1 0.1454248359375 0.5127118640624999 0.133986928125 0.5275423734375 0.135620915625 0.54237288125 0.16993464062500002 0.5402542375 0.17320261406249998 0.5360169484374999 0.17320261406249998 0.5275423734375 0.1650326796875 0.5127118640624999 0.1454248359375 0.5127118640624999
1 0.51797385625 0.8220338984375 0.48202614375 0.8220338984375 0.4787581703125 0.8262711859375 0.4689542484375 0.8262711859375 0.46241830000000006 0.830508475 0.454248365625 0.8411016953124999 0.454248365625 0.8495762718750001 0.4591503265625 0.8601694921874999 0.545751634375 0.8580508468750001 0.542483659375 0.8453389828125 0.527777778125 0.8262711859375 0.5212418296875 0.8262711859375 0.51797385625 0.8220338984375
3 0.292483659375 0.5127118640624999 0.310457515625 0.5105932203125 0.310457515625 0.50211864375 0.30228758125 0.49152542343750005 0.2908496734375 0.50211864375 0.292483659375 0.5127118640624999