3 0.42973856250000003 0.7542372875 0.4232026140625 0.7542372875 0.4150326796875 0.7605932203125 0.4150326796875 0.7860169484374999 0.41830065312500003 0.7902542375 0.41830065312500003 0.7987288140625 0.428104575 0.8114406781250001 0.428104575 0.8156779656250001 0.43464052343750004 0.8156779656250001 0.43464052343750004 0.7987288140625 0.437908496875 0.794491525 0.437908496875 0.7648305078125001 0.42973856250000003 0.7542372875
3 0.44117647031249996 0.6927966109375 0.42973856250000003 0.669491525 0.41830065312500003 0.6843220343749999 0.41830065312500003 0.726694915625 0.4232026140625 0.728813559375 0.4264705875 0.724576271875 0.43300653593750005 0.733050846875 0.44117647031249996 0.730932203125 0.44117647031249996 0.7182203390625 0.44444444375 0.7139830515625001 0.44117647031249996 0.7097457625 0.44117647031249996 0.6927966109375
3 0.310457515625 0.646186440625 0.310457515625 0.67161016875 0.3071895421875 0.6800847453125 0.313725490625 0.6927966109375 0.31535947656249996 0.70338983125 0.321895425 0.70762711875 0.330065359375 0.705508475 0.330065359375 0.66737288125 0.3235294125 0.650423728125 0.31535947656249996 0.6398305078125001 0.310457515625 0.646186440625
3 0.30555555624999997 0.5889830515625001 0.3006535953125 0.5953389828125 0.3006535953125 0.603813559375 0.2973856203125 0.608050846875 0.2973856203125 0.625 0.30555555624999997 0.6398305078125001 0.313725490625 0.6377118640624999 0.313725490625 0.603813559375 0.310457515625 0.599576271875 0.310457515625 0.5911016953125 0.30555555624999997 0.5889830515625001
3 0.437908496875 0.5148305078125001 0.439542484375 0.525423728125 0.454248365625 0.523305084375 0.45751634062499996 0.5148305078125001 0.4526143796875 0.5084745765625 0.44281045781249995 0.5084745765625 0.437908496875 0.5148305078125001
3 0.48039215625000004 0.519067796875 0.48202614375 0.5296610171875 0.5032679734375 0.5275423734375 0.5032679734375 0.523305084375 0.491830065625 0.5084745765625 0.48856209218749996 0.5084745765625 0.48039215625000004 0.519067796875
3 0.545751634375 0.523305084375 0.5473856203125 0.5338983046875 0.5686274515624999 0.5317796609375 0.5686274515624999 0.523305084375 0.560457515625 0.5127118640624999 0.5506535953125 0.5127118640624999 0.545751634375 0.523305084375
1 0.614379084375 0.7139830515625001 0.614379084375 0.7097457625 0.6094771234375 0.70762711875 0.6029411765625 0.6949152546875 0.58986928125 0.6906779656250001 0.5866013078125001 0.686440678125 0.5669934640625 0.686440678125 0.5473856203125 0.6991525421875 0.5408496734375 0.6991525421875 0.5359477125 0.705508475 0.5326797390625 0.730932203125 0.5506535953125 0.75 0.55392156875 0.75 0.5669934640625 0.771186440625 0.5767973859375 0.771186440625 0.580065359375 0.775423728125 0.5996732031249999 0.775423728125 0.6029411765625 0.771186440625 0.616013071875 0.771186440625 0.6192810453125001 0.775423728125 0.6209150328125 0.773305084375 0.6307189546874999 0.7605932203125 0.6307189546874999 0.7394067796875 0.6274509796875 0.730932203125 0.614379084375 0.7139830515625001
1 0.5588235296875 0.6631355937500001 0.5555555562500001 0.6588983046875 0.5555555562500001 0.650423728125 0.5473856203125 0.6398305078125001 0.534313725 0.6313559328125 0.5147058828125 0.6313559328125 0.5049019609375 0.6398305078125001 0.491830065625 0.6398305078125001 0.48366013125 0.650423728125 0.4869281046875 0.6800847453125 0.491830065625 0.6822033890625 0.508169934375 0.70762711875 0.5326797390625 0.705508475 0.5408496734375 0.6949152546875 0.5473856203125 0.6949152546875 0.5588235296875 0.6843220343749999 0.5588235296875 0.6631355937500001
1 0.364379084375 0.5847457625 0.3529411765625 0.608050846875 0.35620915000000003 0.6377118640624999 0.36274509843749997 0.6546610171875 0.40849673124999997 0.6546610171875 0.40849673124999997 0.625 0.3986928109375 0.599576271875 0.383986928125 0.5847457625 0.364379084375 0.5847457625
1 0.5016339875 0.5974576265625 0.4754901953125 0.5974576265625 0.47222222187499996 0.5932203390625 0.46241830000000006 0.5932203390625 0.44771241875 0.608050846875 0.4509803921875 0.625 0.46568627500000004 0.644067796875 0.4869281046875 0.641949153125 0.5016339875 0.6398305078125001 0.5130718953125 0.6292372875 0.508169934375 0.601694915625 0.5016339875 0.5974576265625
2 0.568410859375 0.6641439953125 0.600825371875 0.6668125046875 0.6352979375000001 0.6961656984375 0.6388995203125 0.648133165625 0.5447431078125 0.551400965625 0.405823778125 0.542061321875 0.4696238046875 0.642796215625 0.5375398765625 0.6274524828125 0.568410859375 0.6641439953125
3 0.135620915625 0.5338983046875 0.1568627453125 0.5317796609375 0.1486928109375 0.5127118640624999 0.14215686249999998 0.5127118640624999 0.133986928125 0.523305084375 0.135620915625 0.5338983046875
3 0.8790849671875 0.8453389828125 0.8790849671875 0.82838983125 0.87581699375 0.8241525421875 0.87581699375 0.8072033890625001 0.8692810453125001 0.7987288140625 0.8692810453125001 0.794491525 0.8676470593750001 0.79237288125 0.8643790843750001 0.79661016875 0.8545751640624999 0.7838983046875 0.848039215625 0.7838983046875 0.848039215625 0.79237288125 0.84150326875 0.79237288125 0.8218954249999999 0.7796610171875 0.8055555562500001 0.7838983046875 0.8006535953125 0.7902542375 0.7973856203125 0.8072033890625001 0.792483659375 0.8135593218749999 0.7859477125 0.8135593218749999 0.7712418296875 0.83262711875 0.7712418296875 0.8453389828125 0.7794117640625 0.855932203125 0.7892156859375 0.855932203125 0.792483659375 0.8601694921874999 0.8071895421875 0.8580508468750001 0.8611111109375 0.855932203125 0.8643790843750001 0.851694915625 0.87418300625 0.851694915625 0.8790849671875 0.8453389828125