3 0.5490196078125 0.7987288140625 0.5490196078125 0.7902542375 0.5359477125 0.7563559328125 0.527777778125 0.7542372875 0.51633986875 0.769067796875 0.51633986875 0.794491525 0.51960784375 0.7987288140625 0.51633986875 0.8072033890625001 0.51633986875 0.8199152546875 0.5310457515625 0.8432203390625 0.545751634375 0.8411016953124999 0.5490196078125 0.83262711875 0.5490196078125 0.8072033890625001 0.545751634375 0.8029661015625 0.5490196078125 0.7987288140625
3 0.4771241828125 0.7860169484374999 0.4689542484375 0.7838983046875 0.4673202609375 0.7902542375 0.45751634062499996 0.8029661015625 0.45751634062499996 0.853813559375 0.46568627500000004 0.855932203125 0.4689542484375 0.8601694921874999 0.4869281046875 0.8580508468750001 0.490196078125 0.853813559375 0.490196078125 0.8114406781250001 0.4771241828125 0.7902542375 0.4771241828125 0.7860169484374999
3 0.3954248359375 0.66737288125 0.3921568625 0.6588983046875 0.383986928125 0.648305084375 0.3807189546875 0.648305084375 0.37254902031250003 0.6631355937500001 0.37254902031250003 0.688559321875 0.37581699375 0.6927966109375 0.37581699375 0.7012711859375 0.38725490156250003 0.7161016953125 0.3888888890625 0.7139830515625001 0.3921568625 0.7097457625 0.3921568625 0.6843220343749999 0.3954248359375 0.6800847453125 0.3954248359375 0.66737288125
3 0.37745097968749997 0.5974576265625 0.37254902031250003 0.603813559375 0.37254902031250003 0.6334745765625 0.37581699375 0.6377118640624999 0.37745097968749997 0.648305084375 0.385620915625 0.646186440625 0.3888888890625 0.641949153125 0.3888888890625 0.6122881359375001 0.385620915625 0.603813559375 0.37745097968749997 0.5974576265625
3 0.3594771234375 0.5741525421875 0.3594771234375 0.5953389828125 0.364379084375 0.601694915625 0.37254902031250003 0.599576271875 0.37254902031250003 0.5741525421875 0.367647059375 0.5677966109375 0.364379084375 0.5677966109375 0.3594771234375 0.5741525421875
3 0.3431372546875 0.5953389828125 0.33823529375 0.5889830515625001 0.3349673203125 0.5889830515625001 0.3333333328125 0.6292372875 0.33823529375 0.6398305078125001 0.3447712421875 0.644067796875 0.34640522812499996 0.641949153125 0.349673203125 0.6377118640624999 0.349673203125 0.6292372875 0.3431372546875 0.6122881359375001 0.3431372546875 0.5953389828125
3 0.313725490625 0.58262711875 0.30555555624999997 0.5720338984375 0.3006535953125 0.57838983125 0.3006535953125 0.608050846875 0.30555555624999997 0.6186440671875 0.312091503125 0.62288135625 0.313725490625 0.6207627125 0.3169934640625 0.6165254234375 0.3169934640625 0.5953389828125 0.313725490625 0.5911016953125 0.313725490625 0.58262711875
3 0.295751634375 0.5974576265625 0.292483659375 0.5974576265625 0.2908496734375 0.608050846875 0.2875817 0.6122881359375001 0.2875817 0.625 0.2908496734375 0.6292372875 0.292483659375 0.6398305078125001 0.3006535953125 0.6377118640624999 0.30392156875 0.6334745765625 0.30392156875 0.6122881359375001 0.3006535953125 0.603813559375 0.295751634375 0.5974576265625
3 0.7826797390625 0.775423728125 0.7794117640625 0.775423728125 0.7745098046875001 0.7817796609375 0.7745098046875001 0.7860169484374999 0.758169934375 0.8072033890625001 0.758169934375 0.8156779656250001 0.7516339875 0.82838983125 0.7516339875 0.8453389828125 0.759803921875 0.855932203125 0.7875816999999999 0.853813559375 0.7908496734375 0.8495762718750001 0.7908496734375 0.7902542375 0.7875816999999999 0.7817796609375 0.7826797390625 0.775423728125
3 0.8349673203125001 0.7881355937500001 0.830065359375 0.794491525 0.830065359375 0.7987288140625 0.810457515625 0.8241525421875 0.8071895421875 0.83262711875 0.8071895421875 0.853813559375 0.8496732031249999 0.853813559375 0.8529411765624999 0.8495762718750001 0.8496732031249999 0.8072033890625001 0.8431372546875 0.7902542375 0.8349673203125001 0.7881355937500001
3 0.6111111109375 0.625 0.60620915 0.6186440671875 0.6029411765625 0.6186440671875 0.5947712421875 0.6292372875 0.5947712421875 0.6588983046875 0.5996732031249999 0.669491525 0.60620915 0.6737288140625 0.6111111109375 0.67161016875 0.6111111109375 0.6588983046875 0.614379084375 0.6546610171875 0.614379084375 0.6334745765625 0.6111111109375 0.625
3 0.5228758171875 0.5953389828125 0.527777778125 0.605932203125 0.5392156859375 0.603813559375 0.5392156859375 0.5741525421875 0.5310457515625 0.563559321875 0.5228758171875 0.57838983125 0.5228758171875 0.5953389828125
3 0.5866013078125001 0.5720338984375 0.5767973859375 0.5720338984375 0.5686274515624999 0.5868644062499999 0.5686274515624999 0.599576271875 0.571895425 0.603813559375 0.571895425 0.6377118640624999 0.5767973859375 0.644067796875 0.5849673203125 0.641949153125 0.58823529375 0.6377118640624999 0.59150326875 0.5868644062499999 0.58823529375 0.58262711875 0.5866013078125001 0.5720338984375
3 0.45751634062499996 0.5360169484374999 0.4705882359375 0.5360169484374999 0.4705882359375 0.523305084375 0.46568627500000004 0.516949153125 0.45751634062499996 0.5275423734375 0.45751634062499996 0.5360169484374999
3 0.2630718953125 0.5720338984375 0.2614379078125 0.608050846875 0.27777777812500004 0.608050846875 0.27777777812500004 0.5868644062499999 0.27450980468749997 0.58262711875 0.27450980468749997 0.5741525421875 0.2630718953125 0.5720338984375
3 0.2826797390625 0.563559321875 0.27777777812500004 0.5699152546875 0.27450980468749997 0.58262711875 0.2826797390625 0.5974576265625 0.2875817 0.5953389828125 0.2908496734375 0.5911016953125 0.2908496734375 0.5699152546875 0.2859477125 0.563559321875 0.2826797390625 0.563559321875
3 0.560457515625 0.5127118640624999 0.571895425 0.5105932203125 0.571895425 0.50211864375 0.5669934640625 0.49576271250000004 0.5588235296875 0.5063559328125 0.560457515625 0.5127118640624999
3 0.41339869218749997 0.5084745765625 0.38725490156250003 0.5084745765625 0.3790849671875 0.519067796875 0.3790849671875 0.5572033890625 0.383986928125 0.563559321875 0.3970588234375 0.563559321875 0.40032679687500006 0.5677966109375 0.41830065312500003 0.5656779656250001 0.43137254843750006 0.5487288140625 0.428104575 0.5148305078125001 0.4166666671875 0.5127118640624999 0.41339869218749997 0.5084745765625
4 0.38725490156250003 0.5084745765625 0.3807189546875 0.5127118640624999 0.3790849671875 0.5572033890625 0.38725490156250003 0.563559321875 0.39379084999999997 0.5593220343749999 0.40032679687500006 0.5677966109375 0.41830065312500003 0.5656779656250001 0.428104575 0.5529661015625 0.428104575 0.5148305078125001 0.3905228765625 0.5127118640624999 0.38725490156250003 0.5084745765625
3 0.439542484375 0.5508474578125 0.44771241875 0.5487288140625 0.44444444375 0.5317796609375 0.436274509375 0.5296610171875 0.43464052343750004 0.544491525 0.439542484375 0.5508474578125
3 0.44444444375 0.5317796609375 0.45751634062499996 0.5317796609375 0.45751634062499996 0.5148305078125001 0.44934640468750003 0.5127118640624999 0.44444444375 0.523305084375 0.44444444375 0.5317796609375
4 0.3790849671875 0.5572033890625 0.383986928125 0.563559321875 0.3970588234375 0.563559321875 0.4068627453125 0.5720338984375 0.4150326796875 0.5699152546875 0.428104575 0.5529661015625 0.428104575 0.5148305078125001 0.3807189546875 0.5127118640624999 0.3790849671875 0.5572033890625
4 0.34150326875000003 0.49152542343750005 0.33823529375 0.48728813593750003 0.3349673203125 0.49152542343750005 0.3169934640625 0.49364406718750004 0.3169934640625 0.50211864375 0.310457515625 0.519067796875 0.312091503125 0.5338983046875 0.3186274515625 0.5338983046875 0.321895425 0.5381355937500001 0.3594771234375 0.5360169484374999 0.366013071875 0.519067796875 0.366013071875 0.50211864375 0.3611111109375 0.49152542343750005 0.34150326875000003 0.49152542343750005
1 0.276143790625 0.49576271250000004 0.2728758171875 0.5 0.2565359484375 0.5 0.25326797343749996 0.49576271250000004 0.241830065625 0.5063559328125 0.241830065625 0.5148305078125001 0.2467320265625 0.521186440625 0.2565359484375 0.521186440625 0.259803921875 0.525423728125 0.2810457515625 0.523305084375 0.2875817 0.5148305078125001 0.2875817 0.5105932203125 0.28431372499999996 0.50211864375 0.276143790625 0.49576271250000004
1 0.46241830000000006 0.5677966109375 0.45751634062499996 0.5741525421875 0.454248365625 0.58262711875 0.454248365625 0.5953389828125 0.46568627500000004 0.6101694921874999 0.48202614375 0.6101694921874999 0.4852941171875 0.6144067796875 0.49346405156250006 0.6122881359375001 0.49673202656250004 0.608050846875 0.49673202656250004 0.5868644062499999 0.4852941171875 0.5677966109375 0.46241830000000006 0.5677966109375
1 0.1552287578125 0.5 0.1486928109375 0.5 0.1454248359375 0.5042372875 0.1290849671875 0.5042372875 0.12418300625 0.5105932203125 0.12418300625 0.5148305078125001 0.1290849671875 0.521186440625 0.13888888906250002 0.521186440625 0.14215686249999998 0.525423728125 0.1666666671875 0.523305084375 0.16993464062500002 0.519067796875 0.1666666671875 0.5063559328125 0.15849673125 0.5042372875 0.1552287578125 0.5