1 0.47222222187499996 0.7627118640624999 0.4771241828125 0.7563559328125 0.4771241828125 0.726694915625 0.47385620937499995 0.7224576265625 0.47385620937499995 0.7139830515625001 0.46405228750000005 0.7012711859375 0.45751634062499996 0.6843220343749999 0.44281045781249995 0.6652542375 0.439542484375 0.6652542375 0.43300653593750005 0.6525423734375 0.41013071874999996 0.6525423734375 0.40359477187500004 0.6567796609375 0.3954248359375 0.67161016875 0.3954248359375 0.6927966109375 0.3921568625 0.6970338984375 0.3921568625 0.7097457625 0.3954248359375 0.7139830515625001 0.3954248359375 0.730932203125 0.41176470624999995 0.74788135625 0.41176470624999995 0.7648305078125001 0.42483660156249997 0.7648305078125001 0.43300653593750005 0.7584745765625 0.44281045781249995 0.7584745765625 0.44607843125 0.7542372875 0.47222222187499996 0.7627118640624999
1 0.65849673125 0.8474576265625 0.6944444437499999 0.851694915625 0.705882353125 0.83262711875 0.7026143796875 0.8241525421875 0.7026143796875 0.8072033890625001 0.69607843125 0.7860169484374999 0.686274509375 0.773305084375 0.678104575 0.7542372875 0.65849673125 0.7415254234375 0.6225490203125 0.7372881359375001 0.6192810453125001 0.7415254234375 0.58986928125 0.7415254234375 0.5833333328125 0.7457627125 0.5751633984375 0.7563559328125 0.5751633984375 0.7987288140625 0.580065359375 0.8050847453125 0.5931372546875 0.8093220343749999 0.614379084375 0.8368644062499999 0.614379084375 0.8453389828125 0.6192810453125001 0.855932203125 0.6307189546874999 0.853813559375 0.6388888890625 0.8474576265625 0.651960784375 0.8474576265625 0.6552287578125 0.851694915625 0.65849673125 0.8474576265625
1 0.792483659375 0.830508475 0.84150326875 0.830508475 0.848039215625 0.8262711859375 0.8529411765624999 0.8199152546875 0.8496732031249999 0.7775423734375 0.8251633984375 0.7584745765625 0.8088235296875 0.7372881359375001 0.8022875812500001 0.7372881359375001 0.776143790625 0.7203389828125 0.7434640515625001 0.7161016953125 0.740196078125 0.7203389828125 0.7205882359375 0.7203389828125 0.7173202609375 0.724576271875 0.707516340625 0.7203389828125 0.69771241875 0.724576271875 0.686274509375 0.7436440671875 0.689542484375 0.773305084375 0.69771241875 0.7838983046875 0.7107843140625 0.7881355937500001 0.73366013125 0.8093220343749999 0.7467320265625 0.8135593218749999 0.7516339875 0.83262711875 0.759803921875 0.8432203390625 0.76797385625 0.8411016953124999 0.7728758171875 0.830508475 0.776143790625 0.8347457625000001 0.7892156859375 0.8347457625000001 0.792483659375 0.830508475
1 0.5947712421875 0.7097457625 0.5702614374999999 0.669491525 0.563725490625 0.669491525 0.560457515625 0.6652542375 0.5310457515625 0.6652542375 0.5114379078125 0.6779661015625 0.5065359484374999 0.6843220343749999 0.5065359484374999 0.7012711859375 0.509803921875 0.7097457625 0.534313725 0.7415254234375 0.58823529375 0.7394067796875 0.5931372546875 0.7372881359375001 0.598039215625 0.726694915625 0.5947712421875 0.7224576265625 0.5947712421875 0.7097457625
1 0.5310457515625 0.62288135625 0.5245098046875001 0.62288135625 0.5212418296875 0.6186440671875 0.5049019609375 0.6186440671875 0.5016339875 0.62288135625 0.48856209218749996 0.62711864375 0.48039215625000004 0.6377118640624999 0.48366013125 0.641949153125 0.48366013125 0.6588983046875 0.49509803906250005 0.6652542375 0.49673202656250004 0.67161016875 0.5049019609375 0.6822033890625 0.509803921875 0.6800847453125 0.527777778125 0.6652542375 0.545751634375 0.6631355937500001 0.545751634375 0.646186440625 0.5310457515625 0.62288135625
1 0.6503267968750001 0.6377118640624999 0.6503267968750001 0.6334745765625 0.6405228765625 0.6207627125 0.6405228765625 0.6165254234375 0.62581699375 0.601694915625 0.60620915 0.5974576265625 0.6029411765625 0.5932203390625 0.5702614374999999 0.5932203390625 0.5653594765625 0.599576271875 0.562091503125 0.6122881359375001 0.5555555562500001 0.6207627125 0.5588235296875 0.6292372875 0.5555555562500001 0.6377118640624999 0.5555555562500001 0.6631355937500001 0.5669934640625 0.6652542375 0.5866013078125001 0.6906779656250001 0.598039215625 0.688559321875 0.635620915625 0.686440678125 0.64379085 0.6758474578125 0.64379085 0.646186440625 0.6503267968750001 0.6377118640624999
1 0.4852941171875 0.5762711859375 0.46568627500000004 0.5762711859375 0.4591503265625 0.5720338984375 0.44117647031249996 0.5868644062499999 0.437908496875 0.603813559375 0.44607843125 0.6186440671875 0.44934640468750003 0.6186440671875 0.455882353125 0.62711864375 0.4689542484375 0.62711864375 0.47222222187499996 0.6313559328125 0.4754901953125 0.62711864375 0.4787581703125 0.6313559328125 0.48039215625000004 0.6292372875 0.491830065625 0.62711864375 0.5032679734375 0.6165254234375 0.49673202656250004 0.5911016953125 0.4852941171875 0.5762711859375
1 0.5032679734375 0.5911016953125 0.5 0.603813559375 0.5032679734375 0.608050846875 0.5049019609375 0.6186440671875 0.5212418296875 0.6186440671875 0.5375816999999999 0.6313559328125 0.542483659375 0.6292372875 0.542483659375 0.603813559375 0.5310457515625 0.5847457625 0.508169934375 0.5847457625 0.5032679734375 0.5911016953125
3 0.26797385625 0.5572033890625 0.26797385625 0.5868644062499999 0.276143790625 0.5932203390625 0.2810457515625 0.5911016953125 0.28431372499999996 0.5868644062499999 0.28431372499999996 0.5656779656250001 0.2728758171875 0.5508474578125 0.26797385625 0.5572033890625
3 0.348039215625 0.5084745765625 0.33986928125000004 0.5148305078125001 0.33986928125000004 0.523305084375 0.3447712421875 0.5296610171875 0.35620915000000003 0.5275423734375 0.3594771234375 0.523305084375 0.3594771234375 0.5148305078125001 0.3545751640625 0.5084745765625 0.348039215625 0.5084745765625
3 0.37418300625 0.525423728125 0.37254902031250003 0.5360169484374999 0.3692810453125 0.5402542375 0.3692810453125 0.5529661015625 0.3790849671875 0.5529661015625 0.382352940625 0.5402542375 0.3790849671875 0.5360169484374999 0.3790849671875 0.5275423734375 0.37418300625 0.525423728125
3 0.3986928109375 0.5529661015625 0.3986928109375 0.5656779656250001 0.40359477187500004 0.5720338984375 0.41176470624999995 0.5699152546875 0.41176470624999995 0.5529661015625 0.40849673124999997 0.544491525 0.40359477187500004 0.54237288125 0.3986928109375 0.5529661015625
3 0.48366013125 0.544491525 0.490196078125 0.5529661015625 0.490196078125 0.5656779656250001 0.49346405156250006 0.5656779656250001 0.49673202656250004 0.5572033890625 0.49673202656250004 0.544491525 0.4852941171875 0.54237288125 0.48366013125 0.544491525
3 0.44771241875 0.544491525 0.44281045781249995 0.5338983046875 0.43137254843750006 0.5487288140625 0.43137254843750006 0.58262711875 0.44771241875 0.58262711875 0.455882353125 0.5720338984375 0.4607843140625 0.5699152546875 0.44771241875 0.5529661015625 0.44771241875 0.544491525
3 0.8986928109375001 0.7987288140625 0.89379085 0.79237288125 0.8905228765625001 0.79237288125 0.8872549015625 0.7838983046875 0.8839869281249999 0.7838983046875 0.8807189546874999 0.79661016875 0.8676470593750001 0.8008474578125 0.8594771234374999 0.8114406781250001 0.8594771234374999 0.8156779656250001 0.8529411765624999 0.8241525421875 0.8529411765624999 0.8411016953124999 0.8611111109375 0.855932203125 0.8774509796875 0.855932203125 0.8807189546874999 0.8601694921874999 0.8986928109375001 0.8580508468750001 0.9052287578125 0.8495762718750001 0.9052287578125 0.8368644062499999 0.8986928109375001 0.82838983125 0.8986928109375001 0.7987288140625
3 0.7009803921875 0.7118644062499999 0.6911764703125 0.70762711875 0.6846405234375 0.6991525421875 0.678104575 0.6991525421875 0.6748366015625 0.6949152546875 0.668300653125 0.6949152546875 0.6650326796875 0.6991525421875 0.651960784375 0.70338983125 0.6470588234375 0.7139830515625001 0.6503267968750001 0.7182203390625 0.6503267968750001 0.726694915625 0.65849673125 0.7372881359375001 0.678104575 0.75 0.6830065359375 0.74788135625 0.689542484375 0.730932203125 0.6944444437499999 0.724576271875 0.705882353125 0.7182203390625 0.7009803921875 0.7118644062499999
3 0.6666666671875 0.688559321875 0.6666666671875 0.6758474578125 0.6633986921874999 0.67161016875 0.66176470625 0.6610169484374999 0.6552287578125 0.6610169484374999 0.6503267968750001 0.66737288125 0.6503267968750001 0.6758474578125 0.64379085 0.6800847453125 0.64379085 0.688559321875 0.6405228765625 0.6927966109375 0.64379085 0.7139830515625001 0.6503267968750001 0.7139830515625001 0.6503267968750001 0.7012711859375 0.6552287578125 0.6949152546875 0.66176470625 0.6949152546875 0.6666666671875 0.688559321875
3 0.4689542484375 0.525423728125 0.4869281046875 0.523305084375 0.4869281046875 0.5148305078125001 0.4754901953125 0.5042372875 0.4673202609375 0.5148305078125001 0.4689542484375 0.525423728125
3 0.43464052343750004 0.5063559328125 0.436274509375 0.5127118640624999 0.454248365625 0.5105932203125 0.454248365625 0.5063559328125 0.44934640468750003 0.5 0.439542484375 0.5 0.43464052343750004 0.5063559328125
3 0.5490196078125 0.5148305078125001 0.5571895421875 0.521186440625 0.5653594765625 0.519067796875 0.5686274515624999 0.5105932203125 0.563725490625 0.5042372875 0.5571895421875 0.5042372875 0.5490196078125 0.5148305078125001
3 0.4983660125 0.563559321875 0.490196078125 0.5741525421875 0.490196078125 0.58262711875 0.4983660125 0.5932203390625 0.5032679734375 0.5911016953125 0.5065359484374999 0.5868644062499999 0.5065359484374999 0.5699152546875 0.5016339875 0.563559321875 0.4983660125 0.563559321875
3 0.5 0.5487288140625 0.48856209218749996 0.5338983046875 0.47222222187499996 0.5338983046875 0.4607843140625 0.5529661015625 0.4607843140625 0.5699152546875 0.4689542484375 0.5762711859375 0.4852941171875 0.5762711859375 0.491830065625 0.580508475 0.4983660125 0.5932203390625 0.5032679734375 0.5911016953125 0.5065359484374999 0.5868644062499999 0.5065359484374999 0.5699152546875 0.5 0.5572033890625 0.5 0.5487288140625