4 0.3513071890625 0.5593220343749999 0.3071895421875 0.5699152546875 0.313725490625 0.6758474578125 0.330065359375 0.7012711859375 0.37418300625 0.6991525421875 0.382352940625 0.6843220343749999 0.3790849671875 0.599576271875 0.3513071890625 0.5593220343749999
3 0.27450980468749997 0.6843220343749999 0.2875817 0.688559321875 0.2908496734375 0.6165254234375 0.2728758171875 0.5677966109375 0.2614379078125 0.6292372875 0.27450980468749997 0.6843220343749999
2 0.27450980468749997 0.6843220343749999 0.2875817 0.688559321875 0.2908496734375 0.6165254234375 0.2728758171875 0.5677966109375 0.2614379078125 0.6292372875 0.27450980468749997 0.6843220343749999
1 0.436274509375 0.724576271875 0.421568628125 0.7987288140625 0.43137254843750006 0.8368644062499999 0.44607843125 0.855932203125 0.5294117640625 0.853813559375 0.5326797390625 0.82838983125 0.5 0.75211864375 0.4787581703125 0.724576271875 0.436274509375 0.724576271875
3 0.34640522812499996 0.8580508468750001 0.3529411765625 0.83262711875 0.3349673203125 0.8050847453125 0.3169934640625 0.853813559375 0.34640522812499996 0.8580508468750001
1 0.5212418296875 0.7161016953125 0.562091503125 0.7139830515625001 0.571895425 0.6927966109375 0.5473856203125 0.648305084375 0.49346405156250006 0.66737288125 0.5212418296875 0.7161016953125
1 0.5130718953125 0.650423728125 0.5016339875 0.601694915625 0.45751634062499996 0.6165254234375 0.4754901953125 0.6525423734375 0.5130718953125 0.650423728125
4 0.5590284375000001 0.7569555375 0.5796238687499999 0.7752546390624999 0.6366139640624999 0.83747163125 0.7099675359375001 0.8312499453125 0.7057355984375 0.723285165625 0.64112800625 0.6709496984375 0.585585653125 0.6801564578125 0.5824451640625 0.6800992578125 0.5590284375000001 0.7291408765625 0.5590284375000001 0.7569555375
2 0.4427148296875 0.59688561875 0.5030472421875001 0.5984937625 0.508832515625 0.611895153125 0.5228825296874999 0.64030610625 0.5613134484375 0.59420534375 0.5191634046875 0.540063703125 0.4134074640625 0.5494256953125001 0.4129618828125 0.5759794328125001 0.432383940625 0.6129672875 0.4427148296875 0.59688561875
3 0.7516339875 0.7097457625 0.7467320265625 0.6991525421875 0.7369281046875 0.6991525421875 0.7352941171875 0.7097457625 0.7189542484375 0.726694915625 0.7189542484375 0.75211864375 0.7369281046875 0.771186440625 0.7434640515625001 0.775423728125 0.7516339875 0.773305084375 0.758169934375 0.7605932203125 0.758169934375 0.7563559328125 0.7516339875 0.74788135625 0.7516339875 0.7097457625
3 0.7516339875 0.7097457625 0.7467320265625 0.6991525421875 0.7369281046875 0.6991525421875 0.7352941171875 0.7097457625 0.7189542484375 0.726694915625 0.7189542484375 0.75211864375 0.7369281046875 0.771186440625 0.7434640515625001 0.775423728125 0.7516339875 0.773305084375 0.758169934375 0.7605932203125 0.758169934375 0.7563559328125 0.7516339875 0.74788135625 0.7516339875 0.7097457625
3 0.8039215687500001 0.7648305078125001 0.8006535953125 0.7605932203125 0.7990196078125 0.75 0.792483659375 0.75 0.7892156859375 0.7415254234375 0.7826797390625 0.7415254234375 0.7647058828125 0.769067796875 0.7614379078125 0.7775423734375 0.7614379078125 0.794491525 0.76960784375 0.8093220343749999 0.7892156859375 0.8220338984375 0.794117646875 0.8199152546875 0.7990196078125 0.8177966109374999 0.8039215687500001 0.8072033890625001 0.8006535953125 0.7987288140625 0.8039215687500001 0.7648305078125001
3 0.454248365625 0.6800847453125 0.454248365625 0.67161016875 0.4509803921875 0.66737288125 0.44771241875 0.650423728125 0.44281045781249995 0.648305084375 0.43464052343750004 0.66737288125 0.43137254843750006 0.6843220343749999 0.43464052343750004 0.688559321875 0.437908496875 0.7139830515625001 0.44281045781249995 0.7203389828125 0.454248365625 0.7182203390625 0.454248365625 0.6970338984375 0.45751634062499996 0.6927966109375 0.45751634062499996 0.6843220343749999 0.454248365625 0.6800847453125
4 0.4869281046875 0.4894067796875 0.4869281046875 0.48516949218749994 0.48202614375 0.478813559375 0.43300653593750005 0.478813559375 0.43137254843750006 0.48516949218749994 0.42483660156249997 0.4894067796875 0.42483660156249997 0.49788135625 0.421568628125 0.50211864375 0.4232026140625 0.525423728125 0.42973856250000003 0.525423728125 0.43300653593750005 0.521186440625 0.48202614375 0.521186440625 0.4852941171875 0.525423728125 0.49346405156250006 0.523305084375 0.4983660125 0.521186440625 0.5032679734375 0.5148305078125001 0.5032679734375 0.5105932203125 0.4869281046875 0.4894067796875
3 0.33986928125000004 0.5148305078125001 0.34150326875000003 0.521186440625 0.3513071890625 0.521186440625 0.3545751640625 0.525423728125 0.3594771234375 0.523305084375 0.36274509843749997 0.519067796875 0.36274509843749997 0.5105932203125 0.3545751640625 0.5 0.33986928125000004 0.5148305078125001
3 0.27450980468749997 0.5148305078125001 0.276143790625 0.521186440625 0.294117646875 0.519067796875 0.294117646875 0.5063559328125 0.2892156859375 0.5 0.2794117640625 0.5042372875 0.27450980468749997 0.5148305078125001
3 0.5375816999999999 0.49576271250000004 0.5294117640625 0.5063559328125 0.5294117640625 0.5148305078125001 0.5408496734375 0.516949153125 0.544117646875 0.521186440625 0.545751634375 0.519067796875 0.5490196078125 0.5148305078125001 0.5490196078125 0.5063559328125 0.5408496734375 0.49576271250000004 0.5375816999999999 0.49576271250000004
3 0.40849673124999997 0.4894067796875 0.40359477187500004 0.483050846875 0.40032679687500006 0.483050846875 0.3954248359375 0.4894067796875 0.3921568625 0.5148305078125001 0.40032679687500006 0.521186440625 0.40849673124999997 0.519067796875 0.41176470624999995 0.5148305078125001 0.41176470624999995 0.50211864375 0.40849673124999997 0.49788135625 0.40849673124999997 0.4894067796875