1 0.678104575 0.7627118640624999 0.66176470625 0.75 0.616013071875 0.75 0.6127450984375 0.7542372875 0.58986928125 0.7584745765625 0.5849673203125 0.769067796875 0.5849673203125 0.794491525 0.58823529375 0.8029661015625 0.596405228125 0.8093220343749999 0.6029411765625 0.8093220343749999 0.616013071875 0.8262711859375 0.62581699375 0.830508475 0.635620915625 0.8474576265625 0.6486928109375001 0.855932203125 0.653594771875 0.853813559375 0.704248365625 0.8474576265625 0.7124183000000001 0.8368644062499999 0.7124183000000001 0.8114406781250001 0.678104575 0.7627118640624999
1 0.5653594765625 0.6588983046875 0.562091503125 0.641949153125 0.55392156875 0.6313559328125 0.5473856203125 0.62711864375 0.5375816999999999 0.62711864375 0.534313725 0.62288135625 0.5212418296875 0.62288135625 0.51797385625 0.62711864375 0.508169934375 0.62288135625 0.49346405156250006 0.641949153125 0.49346405156250006 0.650423728125 0.490196078125 0.6546610171875 0.49346405156250006 0.6588983046875 0.49346405156250006 0.66737288125 0.4983660125 0.6737288140625 0.509803921875 0.6800847453125 0.5114379078125 0.6949152546875 0.5212418296875 0.6949152546875 0.5245098046875001 0.6906779656250001 0.544117646875 0.6906779656250001 0.5571895421875 0.6991525421875 0.562091503125 0.6970338984375 0.562091503125 0.6927966109375 0.5686274515624999 0.6843220343749999 0.5686274515624999 0.6631355937500001 0.5653594765625 0.6588983046875
1 0.3513071890625 0.5677966109375 0.33986928125000004 0.57838983125 0.3366013078125 0.5868644062499999 0.3366013078125 0.6122881359375001 0.348039215625 0.62711864375 0.382352940625 0.625 0.382352940625 0.5911016953125 0.3709150328125 0.5720338984375 0.364379084375 0.5677966109375 0.3513071890625 0.5677966109375
1 0.41176470624999995 0.561440678125 0.41176470624999995 0.5741525421875 0.4232026140625 0.5847457625 0.454248365625 0.58262711875 0.4509803921875 0.5572033890625 0.44281045781249995 0.54237288125 0.4264705875 0.54237288125 0.41176470624999995 0.561440678125
1 0.41419802343749995 0.55591460625 0.424303278125 0.5368474062499999 0.41450426093750004 0.5289027500000001 0.40194924218750006 0.5380391015625 0.3964373046875 0.553928440625 0.40531767656250006 0.56028413125 0.41419802343749995 0.55591460625
1 0.48202614375 0.49152542343750005 0.44934640468750003 0.48728813593750003 0.44117647031249996 0.49788135625 0.44117647031249996 0.5063559328125 0.4526143796875 0.516949153125 0.49673202656250004 0.5148305078125001 0.49673202656250004 0.50211864375 0.491830065625 0.49576271250000004 0.4852941171875 0.49576271250000004 0.48202614375 0.49152542343750005
3 0.330065359375 0.7224576265625 0.3267973859375 0.7182203390625 0.3267973859375 0.705508475 0.330065359375 0.6970338984375 0.3267973859375 0.6927966109375 0.3267973859375 0.6843220343749999 0.321895425 0.6779661015625 0.3186274515625 0.6779661015625 0.310457515625 0.6927966109375 0.310457515625 0.7394067796875 0.3169934640625 0.7563559328125 0.3235294125 0.7563559328125 0.3267973859375 0.75211864375 0.3267973859375 0.7394067796875 0.330065359375 0.7351694921874999 0.330065359375 0.7224576265625
3 0.3921568625 0.6970338984375 0.38725490156250003 0.6906779656250001 0.383986928125 0.6906779656250001 0.3790849671875 0.6970338984375 0.3790849671875 0.705508475 0.37581699375 0.7097457625 0.37581699375 0.7182203390625 0.3790849671875 0.7224576265625 0.3790849671875 0.7563559328125 0.3905228765625 0.775423728125 0.3954248359375 0.773305084375 0.3986928109375 0.769067796875 0.3986928109375 0.7097457625 0.3921568625 0.7012711859375 0.3921568625 0.6970338984375
3 0.47385620937499995 0.7860169484374999 0.47385620937499995 0.7648305078125001 0.4705882359375 0.7605932203125 0.47385620937499995 0.7563559328125 0.47385620937499995 0.7436440671875 0.46405228750000005 0.726694915625 0.46405228750000005 0.7224576265625 0.455882353125 0.7203389828125 0.44444444375 0.7436440671875 0.44444444375 0.75211864375 0.4509803921875 0.7605932203125 0.4509803921875 0.7860169484374999 0.45751634062499996 0.8029661015625 0.46568627500000004 0.8135593218749999 0.4705882359375 0.8114406781250001 0.47385620937499995 0.8072033890625001 0.47385620937499995 0.794491525 0.4705882359375 0.7902542375 0.47385620937499995 0.7860169484374999
3 0.4166666671875 0.6737288140625 0.41013071874999996 0.6737288140625 0.4052287578125 0.6843220343749999 0.4052287578125 0.7012711859375 0.40849673124999997 0.705508475 0.4052287578125 0.7097457625 0.41176470624999995 0.726694915625 0.4232026140625 0.7415254234375 0.428104575 0.7394067796875 0.428104575 0.7012711859375 0.42483660156249997 0.6970338984375 0.42483660156249997 0.6843220343749999 0.4166666671875 0.6737288140625
3 0.3807189546875 0.62288135625 0.3692810453125 0.6334745765625 0.37254902031250003 0.641949153125 0.37254902031250003 0.6631355937500001 0.37745097968749997 0.669491525 0.3888888890625 0.66737288125 0.3921568625 0.6631355937500001 0.3888888890625 0.6588983046875 0.3888888890625 0.6334745765625 0.3807189546875 0.62288135625
3 0.33169934687499997 0.62711864375 0.3267973859375 0.6334745765625 0.3267973859375 0.6588983046875 0.33823529375 0.669491525 0.3431372546875 0.66737288125 0.34640522812499996 0.6631355937500001 0.34640522812499996 0.6377118640624999 0.34150326875000003 0.62711864375 0.33169934687499997 0.62711864375
3 0.310457515625 0.6165254234375 0.30555555624999997 0.6101694921874999 0.30228758125 0.6101694921874999 0.2973856203125 0.6165254234375 0.2973856203125 0.650423728125 0.30228758125 0.6610169484374999 0.30882352968750004 0.6610169484374999 0.312091503125 0.6652542375 0.313725490625 0.6631355937500001 0.3169934640625 0.6588983046875 0.3169934640625 0.641949153125 0.310457515625 0.6292372875 0.310457515625 0.6165254234375
3 0.330065359375 0.5741525421875 0.3267973859375 0.5699152546875 0.3267973859375 0.561440678125 0.321895425 0.5593220343749999 0.3169934640625 0.5656779656250001 0.3169934640625 0.5953389828125 0.3267973859375 0.5953389828125 0.330065359375 0.5911016953125 0.3267973859375 0.5868644062499999 0.330065359375 0.58262711875 0.330065359375 0.5741525421875
3 0.598039215625 0.6334745765625 0.598039215625 0.6631355937500001 0.6029411765625 0.6737288140625 0.614379084375 0.67161016875 0.614379084375 0.6377118640624999 0.6094771234375 0.62711864375 0.6029411765625 0.62711864375 0.598039215625 0.6334745765625
3 0.4771241828125 0.544491525 0.4771241828125 0.5572033890625 0.48039215625000004 0.5656779656250001 0.4852941171875 0.5720338984375 0.4869281046875 0.5699152546875 0.490196078125 0.5656779656250001 0.490196078125 0.5402542375 0.48202614375 0.5381355937500001 0.4771241828125 0.544491525
3 0.509803921875 0.57838983125 0.5049019609375 0.5762711859375 0.5 0.58262711875 0.5 0.599576271875 0.49673202656250004 0.603813559375 0.5 0.608050846875 0.5016339875 0.6186440671875 0.509803921875 0.6165254234375 0.509803921875 0.608050846875 0.5130718953125 0.603813559375 0.5130718953125 0.5868644062499999 0.509803921875 0.57838983125
3 0.48366013125 0.5741525421875 0.48366013125 0.5953389828125 0.48856209218749996 0.601694915625 0.49673202656250004 0.599576271875 0.5 0.5953389828125 0.5 0.5741525421875 0.491830065625 0.563559321875 0.48366013125 0.5741525421875
3 0.382352940625 0.519067796875 0.3790849671875 0.5360169484374999 0.3954248359375 0.5360169484374999 0.3986928109375 0.5317796609375 0.3954248359375 0.5148305078125001 0.38725490156250003 0.5127118640624999 0.382352940625 0.519067796875
3 0.3513071890625 0.521186440625 0.34640522812499996 0.5317796609375 0.34640522812499996 0.5487288140625 0.3545751640625 0.5550847453125 0.3594771234375 0.5529661015625 0.36274509843749997 0.5487288140625 0.36274509843749997 0.5275423734375 0.3578431375 0.521186440625 0.3513071890625 0.521186440625
3 0.32516339843750003 0.521186440625 0.3202614375 0.5317796609375 0.3202614375 0.544491525 0.3333333328125 0.544491525 0.3366013078125 0.5402542375 0.3366013078125 0.5275423734375 0.33169934687499997 0.521186440625 0.32516339843750003 0.521186440625
3 0.3124012546875 0.60396564375 0.3108328921875 0.5849768859375 0.304036640625 0.5646317843750001 0.298024559375 0.60905191875 0.3087417484375 0.6110864234375 0.3124012546875 0.60396564375
3 0.27580602656250003 0.6117646109375 0.286523215625 0.6107473437500001 0.2878301890625 0.581246953125 0.2794771171875 0.5454237281250001 0.2786813796875 0.5422521609375 0.2708395453125 0.5724307625 0.27580602656250003 0.6117646109375
3 0.2778971890625 0.614477271875 0.2667320203125 0.570423728125 0.2627363109375 0.6002357125 0.26430467343749997 0.619902653125 0.274237659375 0.6253280078125 0.2778971890625 0.614477271875
3 0.5228758171875 0.50211864375 0.5245098046875001 0.5127118640624999 0.542483659375 0.5105932203125 0.545751634375 0.50211864375 0.5408496734375 0.49576271250000004 0.5310457515625 0.49576271250000004 0.5228758171875 0.50211864375
3 0.42973856250000003 0.5084745765625 0.421568628125 0.523305084375 0.421568628125 0.5317796609375 0.4264705875 0.5381355937500001 0.43464052343750004 0.5360169484374999 0.437908496875 0.523305084375 0.43464052343750004 0.519067796875 0.43464052343750004 0.5105932203125 0.42973856250000003 0.5084745765625
3 0.44444444375 0.544491525 0.4509803921875 0.561440678125 0.45751634062499996 0.561440678125 0.45751634062499996 0.5317796609375 0.4526143796875 0.525423728125 0.44771241875 0.5317796609375 0.44444444375 0.544491525
3 0.310457515625 0.5317796609375 0.3202614375 0.5317796609375 0.3235294125 0.523305084375 0.3186274515625 0.516949153125 0.312091503125 0.516949153125 0.310457515625 0.5317796609375
2 0.310457515625 0.5063559328125 0.2990196078125 0.48728813593750003 0.2859477125 0.48728813593750003 0.276143790625 0.49576271250000004 0.26633986875 0.49576271250000004 0.258169934375 0.5063559328125 0.2614379078125 0.519067796875 0.276143790625 0.5381355937500001 0.2810457515625 0.5360169484374999 0.2990196078125 0.5338983046875 0.3071895421875 0.523305084375 0.3071895421875 0.5105932203125 0.310457515625 0.5063559328125