3 0.6830065359375 0.7224576265625 0.671568628125 0.70338983125 0.653594771875 0.7351694921874999 0.653594771875 0.7648305078125001 0.6650326796875 0.771186440625 0.678104575 0.7838983046875 0.6830065359375 0.7817796609375 0.686274509375 0.7775423734375 0.686274509375 0.7351694921874999 0.6830065359375 0.730932203125 0.6830065359375 0.7224576265625
3 0.3692810453125 0.8072033890625001 0.36274509843749997 0.7987288140625 0.35620915000000003 0.7775423734375 0.348039215625 0.775423728125 0.33986928125000004 0.794491525 0.33986928125000004 0.8029661015625 0.3333333328125 0.8199152546875 0.3333333328125 0.8368644062499999 0.3366013078125 0.8411016953124999 0.3366013078125 0.853813559375 0.34150326875000003 0.8601694921874999 0.35620915000000003 0.8580508468750001 0.3692810453125 0.853813559375 0.37254902031250003 0.82838983125 0.3692810453125 0.8241525421875 0.3692810453125 0.8072033890625001
3 0.34640522812499996 0.6377118640624999 0.33986928125000004 0.6207627125 0.33986928125000004 0.608050846875 0.3333333328125 0.599576271875 0.3333333328125 0.58262711875 0.32516339843750003 0.580508475 0.3235294125 0.5953389828125 0.3267973859375 0.603813559375 0.3235294125 0.608050846875 0.3235294125 0.6292372875 0.3267973859375 0.6334745765625 0.330065359375 0.6631355937500001 0.3366013078125 0.6758474578125 0.33823529375 0.686440678125 0.3529411765625 0.6843220343749999 0.349673203125 0.6758474578125 0.349673203125 0.650423728125 0.34640522812499996 0.646186440625 0.34640522812499996 0.6377118640624999
3 0.2614379078125 0.58262711875 0.2614379078125 0.6122881359375001 0.26960784375 0.62288135625 0.2810457515625 0.6207627125 0.2810457515625 0.5953389828125 0.27450980468749997 0.57838983125 0.26633986875 0.5762711859375 0.2614379078125 0.58262711875
3 0.46568627500000004 0.5720338984375 0.46241830000000006 0.5677966109375 0.45751634062499996 0.5741525421875 0.45751634062499996 0.599576271875 0.46241830000000006 0.605932203125 0.4705882359375 0.603813559375 0.47385620937499995 0.599576271875 0.47385620937499995 0.5741525421875 0.4689542484375 0.5677966109375 0.46568627500000004 0.5720338984375
3 0.5032679734375 0.5656779656250001 0.4983660125 0.5593220343749999 0.49509803906250005 0.5593220343749999 0.4869281046875 0.5741525421875 0.4869281046875 0.58262711875 0.490196078125 0.5868644062499999 0.490196078125 0.599576271875 0.4983660125 0.605932203125 0.5 0.603813559375 0.5065359484374999 0.5911016953125 0.5065359484374999 0.58262711875 0.5032679734375 0.57838983125 0.5032679734375 0.5656779656250001
3 0.3921568625 0.5487288140625 0.3970588234375 0.5593220343749999 0.40849673124999997 0.5572033890625 0.40849673124999997 0.544491525 0.40032679687500006 0.5338983046875 0.3921568625 0.544491525 0.3921568625 0.5487288140625
3 0.42483660156249997 0.5402542375 0.4264705875 0.5508474578125 0.437908496875 0.5487288140625 0.437908496875 0.5402542375 0.43300653593750005 0.5338983046875 0.42973856250000003 0.5338983046875 0.42483660156249997 0.5402542375
3 0.34640522812499996 0.6377118640624999 0.33986928125000004 0.6207627125 0.33986928125000004 0.608050846875 0.3349673203125 0.601694915625 0.328431371875 0.601694915625 0.3235294125 0.608050846875 0.3235294125 0.625 0.3267973859375 0.6292372875 0.3267973859375 0.646186440625 0.330065359375 0.650423728125 0.3366013078125 0.6843220343749999 0.3529411765625 0.6843220343749999 0.349673203125 0.6758474578125 0.349673203125 0.6546610171875 0.34640522812499996 0.650423728125 0.34640522812499996 0.6377118640624999
3 0.439542484375 0.5084745765625 0.43464052343750004 0.5148305078125001 0.43464052343750004 0.5317796609375 0.44444444375 0.5317796609375 0.4526143796875 0.5296610171875 0.454248365625 0.519067796875 0.44607843125 0.5084745765625 0.439542484375 0.5084745765625
3 0.364379084375 0.5338983046875 0.3709150328125 0.5381355937500001 0.37581699375 0.5360169484374999 0.3790849671875 0.5275423734375 0.37418300625 0.521186440625 0.36274509843749997 0.523305084375 0.364379084375 0.5338983046875
3 0.5130718953125 0.519067796875 0.5130718953125 0.523305084375 0.51797385625 0.5296610171875 0.526143790625 0.5275423734375 0.5294117640625 0.519067796875 0.5245098046875001 0.5127118640624999 0.51797385625 0.5127118640624999 0.5130718953125 0.519067796875
4 0.3578431375 0.478813559375 0.3545751640625 0.474576271875 0.321895425 0.474576271875 0.3186274515625 0.47033898281250003 0.2990196078125 0.47033898281250003 0.295751634375 0.474576271875 0.2794117640625 0.474576271875 0.27450980468749997 0.48516949218749994 0.276143790625 0.516949153125 0.295751634375 0.516949153125 0.2990196078125 0.521186440625 0.348039215625 0.521186440625 0.3513071890625 0.525423728125 0.35620915000000003 0.523305084375 0.37254902031250003 0.5148305078125001 0.37254902031250003 0.4894067796875 0.364379084375 0.478813559375 0.3578431375 0.478813559375
1 0.4509803921875 0.5063559328125 0.4509803921875 0.5105932203125 0.455882353125 0.516949153125 0.49673202656250004 0.5148305078125001 0.5032679734375 0.5105932203125 0.4983660125 0.49576271250000004 0.4689542484375 0.49576271250000004 0.4509803921875 0.5063559328125
3 0.5653594765625 0.519067796875 0.5702614374999999 0.525423728125 0.578431371875 0.523305084375 0.581699346875 0.519067796875 0.580065359375 0.5084745765625 0.5735294125 0.5084745765625 0.5653594765625 0.519067796875