3 0.421568628125 0.794491525 0.41013071874999996 0.775423728125 0.40196078437500005 0.7860169484374999 0.40196078437500005 0.794491525 0.3986928109375 0.7987288140625 0.3986928109375 0.8368644062499999 0.40196078437500005 0.8411016953124999 0.40196078437500005 0.8495762718750001 0.41013071874999996 0.8601694921874999 0.41830065312500003 0.8580508468750001 0.42483660156249997 0.853813559375 0.42483660156249997 0.8241525421875 0.421568628125 0.8199152546875 0.421568628125 0.794491525
3 0.794117646875 0.8072033890625001 0.794117646875 0.7987288140625 0.7892156859375 0.79661016875 0.784313725 0.8029661015625 0.7826797390625 0.8135593218749999 0.7728758171875 0.8135593218749999 0.7647058828125 0.8241525421875 0.7614379078125 0.83262711875 0.7614379078125 0.8495762718750001 0.76633986875 0.855932203125 0.7892156859375 0.855932203125 0.792483659375 0.8601694921874999 0.8006535953125 0.8580508468750001 0.813725490625 0.853813559375 0.813725490625 0.8368644062499999 0.810457515625 0.82838983125 0.794117646875 0.8072033890625001
3 0.55228758125 0.6377118640624999 0.545751634375 0.6292372875 0.545751634375 0.6122881359375001 0.542483659375 0.603813559375 0.534313725 0.601694915625 0.526143790625 0.6122881359375001 0.526143790625 0.641949153125 0.5359477125 0.6546610171875 0.5375816999999999 0.6652542375 0.5408496734375 0.6652542375 0.5473856203125 0.6737288140625 0.55228758125 0.67161016875 0.55228758125 0.6631355937500001 0.5555555562500001 0.6588983046875 0.55228758125 0.6546610171875 0.55228758125 0.6377118640624999
3 0.313725490625 0.6165254234375 0.30555555624999997 0.605932203125 0.30228758125 0.605932203125 0.294117646875 0.6165254234375 0.2973856203125 0.625 0.2973856203125 0.650423728125 0.30555555624999997 0.6610169484374999 0.313725490625 0.6588983046875 0.3169934640625 0.650423728125 0.3169934640625 0.6292372875 0.313725490625 0.625 0.313725490625 0.6165254234375
3 0.3349673203125 0.5550847453125 0.330065359375 0.561440678125 0.330065359375 0.5911016953125 0.33986928125000004 0.5911016953125 0.3431372546875 0.58262711875 0.3431372546875 0.561440678125 0.33823529375 0.5550847453125 0.3349673203125 0.5550847453125
3 0.3545751640625 0.54661016875 0.34640522812499996 0.561440678125 0.34640522812499996 0.5741525421875 0.349673203125 0.58262711875 0.35620915000000003 0.58262711875 0.36274509843749997 0.5699152546875 0.36274509843749997 0.5529661015625 0.3578431375 0.54661016875 0.3545751640625 0.54661016875
3 0.37418300625 0.5338983046875 0.366013071875 0.5529661015625 0.366013071875 0.5699152546875 0.3709150328125 0.5762711859375 0.37581699375 0.5741525421875 0.37581699375 0.5656779656250001 0.3790849671875 0.561440678125 0.3790849671875 0.5402542375 0.37418300625 0.5338983046875
3 0.3921568625 0.5572033890625 0.4052287578125 0.5572033890625 0.4052287578125 0.5360169484374999 0.40032679687500006 0.5296610171875 0.3921568625 0.5402542375 0.3921568625 0.5572033890625
2 0.37581699375 0.74788135625 0.3692810453125 0.7394067796875 0.3692810453125 0.7182203390625 0.36274509843749997 0.705508475 0.36274509843749997 0.646186440625 0.3594771234375 0.641949153125 0.3594771234375 0.6334745765625 0.3513071890625 0.62711864375 0.34640522812499996 0.6377118640624999 0.34640522812499996 0.66737288125 0.349673203125 0.67161016875 0.349673203125 0.6843220343749999 0.34640522812499996 0.688559321875 0.34640522812499996 0.7097457625 0.349673203125 0.7139830515625001 0.34640522812499996 0.7182203390625 0.34640522812499996 0.730932203125 0.349673203125 0.7351694921874999 0.349673203125 0.74788135625 0.34640522812499996 0.75211864375 0.34640522812499996 0.7860169484374999 0.349673203125 0.7902542375 0.349673203125 0.8072033890625001 0.35620915000000003 0.8156779656250001 0.3594771234375 0.82838983125 0.364379084375 0.8347457625000001 0.366013071875 0.83262711875 0.3692810453125 0.82838983125 0.3692810453125 0.8156779656250001 0.37581699375 0.8029661015625 0.37581699375 0.74788135625
2 0.48202614375 0.563559321875 0.4754901953125 0.5508474578125 0.4689542484375 0.5508474578125 0.46568627500000004 0.54661016875 0.46241830000000006 0.5508474578125 0.4526143796875 0.5508474578125 0.44281045781249995 0.5593220343749999 0.436274509375 0.5593220343749999 0.43300653593750005 0.5550847453125 0.428104575 0.5656779656250001 0.428104575 0.57838983125 0.44281045781249995 0.5932203390625 0.4526143796875 0.5932203390625 0.454248365625 0.5868644062499999 0.4591503265625 0.580508475 0.46241830000000006 0.580508475 0.4689542484375 0.5889830515625001 0.4754901953125 0.5889830515625001 0.4787581703125 0.5847457625 0.48366013125 0.5911016953125 0.48039215625000004 0.5953389828125 0.4869281046875 0.5953389828125 0.490196078125 0.5868644062499999 0.490196078125 0.5699152546875 0.4852941171875 0.563559321875 0.48202614375 0.563559321875
3 0.4983660125 0.5593220343749999 0.49509803906250005 0.5593220343749999 0.490196078125 0.5656779656250001 0.490196078125 0.58262711875 0.49509803906250005 0.5932203390625 0.5032679734375 0.5911016953125 0.5 0.58262711875 0.5032679734375 0.57838983125 0.5032679734375 0.5656779656250001 0.4983660125 0.5593220343749999
1 0.44607843125 0.5084745765625 0.44117647031249996 0.5148305078125001 0.44117647031249996 0.523305084375 0.44607843125 0.5296610171875 0.4509803921875 0.5275423734375 0.4787581703125 0.525423728125 0.48039215625000004 0.5148305078125001 0.47222222187499996 0.5084745765625 0.44607843125 0.5084745765625
1 0.40359477187500004 0.5 0.3807189546875 0.5 0.37254902031250003 0.5105932203125 0.37418300625 0.521186440625 0.41176470624999995 0.519067796875 0.41830065312500003 0.5105932203125 0.41339869218749997 0.5042372875 0.4068627453125 0.5042372875 0.40359477187500004 0.5
1 0.45751634062499996 0.6843220343749999 0.4509803921875 0.66737288125 0.42973856250000003 0.6398305078125001 0.4232026140625 0.6398305078125001 0.419934640625 0.6355932203125 0.41339869218749997 0.6398305078125001 0.40032679687500006 0.6398305078125001 0.3921568625 0.6588983046875 0.3921568625 0.7012711859375 0.3986928109375 0.7182203390625 0.41013071874999996 0.733050846875 0.4607843140625 0.730932203125 0.46405228750000005 0.726694915625 0.46405228750000005 0.705508475 0.45751634062499996 0.6927966109375 0.45751634062499996 0.6843220343749999
1 0.39379084999999997 0.580508475 0.38725490156250003 0.5762711859375 0.367647059375 0.580508475 0.366013071875 0.6292372875 0.3692810453125 0.6377118640624999 0.37745097968749997 0.648305084375 0.3954248359375 0.646186440625 0.4068627453125 0.6355932203125 0.41830065312500003 0.6334745765625 0.40849673124999997 0.599576271875 0.39379084999999997 0.580508475
3 0.5130718953125 0.519067796875 0.5147058828125 0.5338983046875 0.5359477125 0.5317796609375 0.5359477125 0.519067796875 0.527777778125 0.5084745765625 0.51797385625 0.5127118640624999 0.5130718953125 0.519067796875
3 0.48202614375 0.5127118640624999 0.4771241828125 0.523305084375 0.4771241828125 0.5317796609375 0.4852941171875 0.5381355937500001 0.49673202656250004 0.5360169484374999 0.5 0.5317796609375 0.49673202656250004 0.523305084375 0.48856209218749996 0.5127118640624999 0.48202614375 0.5127118640624999
1 0.16993464062500002 0.5275423734375 0.16176470625 0.521186440625 0.135620915625 0.521186440625 0.1307189546875 0.5275423734375 0.1307189546875 0.5487288140625 0.135620915625 0.5550847453125 0.150326796875 0.5529661015625 0.15849673125 0.54661016875 0.1650326796875 0.54661016875 0.16993464062500002 0.5402542375 0.16993464062500002 0.5275423734375
2 0.5823606140625001 0.525349953125 0.56978000625 0.5063102749999999 0.5506668890624999 0.5100649625 0.5495113203125 0.534416475 0.5711778265625 0.5362297875 0.5823606140625001 0.525349953125
1 0.2990196078125 0.5042372875 0.295751634375 0.5 0.26633986875 0.5 0.2614379078125 0.5063559328125 0.2614379078125 0.5105932203125 0.276143790625 0.525423728125 0.294117646875 0.523305084375 0.31535947656249996 0.521186440625 0.3169934640625 0.5105932203125 0.30882352968750004 0.5042372875 0.2990196078125 0.5042372875
3 0.3333333328125 0.5105932203125 0.3349673203125 0.5296610171875 0.3594771234375 0.5275423734375 0.3594771234375 0.519067796875 0.3545751640625 0.5127118640624999 0.348039215625 0.5084745765625 0.3333333328125 0.5105932203125