1 0.5555555562500001 0.519067796875 0.5555555562500001 0.57838983125 0.578431371875 0.608050846875 0.5833333328125 0.648305084375 0.686274509375 0.6546610171875 0.69607843125 0.5953389828125 0.651960784375 0.5127118640624999 0.580065359375 0.5042372875 0.5555555562500001 0.519067796875
1 0.4591503265625 0.6610169484374999 0.44444444375 0.705508475 0.44444444375 0.853813559375 0.598039215625 0.8580508468750001 0.62418300625 0.8495762718750001 0.5653594765625 0.6631355937500001 0.5506535953125 0.648305084375 0.4591503265625 0.6610169484374999
3 0.23856209218750002 0.7563559328125 0.241830065625 0.8156779656250001 0.26797385625 0.853813559375 0.2908496734375 0.7224576265625 0.2630718953125 0.6737288140625 0.23856209218750002 0.7139830515625001 0.23856209218750002 0.7563559328125
3 0.3333333328125 0.853813559375 0.382352940625 0.853813559375 0.3921568625 0.8453389828125 0.3888888890625 0.7987288140625 0.3578431375 0.7457627125 0.3333333328125 0.853813559375
3 0.7745098046875001 0.730932203125 0.8267973859375 0.7436440671875 0.830065359375 0.6758474578125 0.812091503125 0.6567796609375 0.7794117640625 0.6567796609375 0.7745098046875001 0.730932203125
3 0.43464052343750004 0.650423728125 0.4509803921875 0.5572033890625 0.42973856250000003 0.5296610171875 0.41830065312500003 0.608050846875 0.43464052343750004 0.650423728125
3 0.366013071875 0.6588983046875 0.3921568625 0.75211864375 0.40849673124999997 0.66737288125 0.3954248359375 0.5911016953125 0.383986928125 0.5847457625 0.366013071875 0.6588983046875
3 0.3202614375 0.6970338984375 0.3366013078125 0.8029661015625 0.36274509843749997 0.7139830515625001 0.36274509843749997 0.6800847453125 0.3447712421875 0.648305084375 0.3202614375 0.6970338984375
3 0.321895425 0.644067796875 0.3431372546875 0.641949153125 0.3594771234375 0.5868644062499999 0.33169934687499997 0.5296610171875 0.3169934640625 0.625 0.321895425 0.644067796875
3 0.6470588234375 0.5105932203125 0.653594771875 0.4597457625 0.6421568625 0.436440678125 0.6274509796875 0.48093220312499996 0.6470588234375 0.5105932203125
3 0.47385620937499995 0.5063559328125 0.48039215625000004 0.4639830515625 0.46568627500000004 0.41949152500000003 0.45751634062499996 0.4894067796875 0.47385620937499995 0.5063559328125
3 0.5996732031249999 0.4279661015625 0.6209150328125 0.43432203437499994 0.633986928125 0.43008474531249996 0.6225490203125 0.3813559328125 0.5947712421875 0.4088983046875 0.5996732031249999 0.4279661015625
3 0.2467320265625 0.44067796562500006 0.2810457515625 0.4427966109375 0.28431372499999996 0.41737288125000005 0.26633986875 0.39406779687500004 0.2450980390625 0.4088983046875 0.2467320265625 0.44067796562500006
3 0.2026143796875 0.41313559375000003 0.20915032656250002 0.3834745765625 0.187908496875 0.3644067796875 0.1666666671875 0.4088983046875 0.2026143796875 0.41313559375000003
3 0.571895425 0.40466101718749997 0.578431371875 0.3834745765625 0.5669934640625 0.3601694921875 0.5588235296875 0.3877118640625 0.571895425 0.40466101718749997
3 0.27777777812500004 0.375 0.2810457515625 0.349576271875 0.26633986875 0.33050847499999997 0.2483660125 0.37076271250000004 0.27777777812500004 0.375
3 0.42483660156249997 0.48093220312499996 0.43464052343750004 0.4427966109375 0.419934640625 0.4322033890625 0.4150326796875 0.46822033906250005 0.42483660156249997 0.48093220312499996
2 0.38794149375 0.5066821734375 0.43569109531250005 0.46456196250000004 0.47102584375 0.5066821734375 0.48153074218749997 0.474472596875 0.473890778125 0.4212028890625 0.45097102656250004 0.4150087375 0.436646146875 0.3605001734375 0.42996115625 0.3097081390625 0.35483842499999996 0.30837603750000003 0.3526068171875 0.36421665625 0.3268220625 0.4212028890625 0.3210920515625 0.45341246562500004 0.38794149375 0.5066821734375
3 0.3333333328125 0.4639830515625 0.3594771234375 0.4512711859375 0.348039215625 0.37711864375 0.3235294125 0.43432203437499994 0.3333333328125 0.4639830515625