3 0.330065359375 0.650423728125 0.330065359375 0.641949153125 0.32516339843750003 0.6355932203125 0.321895425 0.6355932203125 0.3169934640625 0.641949153125 0.3169934640625 0.6631355937500001 0.313725490625 0.66737288125 0.3169934640625 0.67161016875 0.3169934640625 0.688559321875 0.32516339843750003 0.6991525421875 0.3333333328125 0.6970338984375 0.3366013078125 0.688559321875 0.3333333328125 0.6843220343749999 0.3333333328125 0.6546610171875 0.330065359375 0.650423728125
3 0.28431372499999996 0.6165254234375 0.2875817 0.6207627125 0.2875817 0.6377118640624999 0.295751634375 0.648305084375 0.30392156875 0.646186440625 0.30392156875 0.608050846875 0.292483659375 0.5974576265625 0.28431372499999996 0.608050846875 0.28431372499999996 0.6165254234375
3 0.3169934640625 0.50211864375 0.3071895421875 0.5148305078125001 0.3071895421875 0.519067796875 0.3366013078125 0.519067796875 0.33986928125000004 0.5148305078125001 0.3267973859375 0.50211864375 0.321895425 0.483050846875 0.3169934640625 0.50211864375
3 0.6911176109375 0.7515353765625 0.6785454640624999 0.7299656859375 0.657713934375 0.7535289406250001 0.6602955625 0.79835740625 0.6899009375 0.816770559375 0.6911176109375 0.7515353765625
3 0.7194981890625 0.81766890625 0.722363078125 0.784840428125 0.712335859375 0.7712134749999999 0.71376826875 0.741482025 0.7075168921875 0.730059728125 0.6908488687500001 0.749534271875 0.6937137578125 0.7941315171875 0.7194981890625 0.81766890625
3 0.7124183000000001 0.8453389828125 0.7124183000000001 0.853813559375 0.7173202609375 0.8601694921874999 0.7287581703125 0.8580508468750001 0.7287581703125 0.8453389828125 0.723856209375 0.8389830515625001 0.7173202609375 0.8389830515625001 0.7124183000000001 0.8453389828125
3 0.8733941890624999 0.8311081015624999 0.8368029437500001 0.8505434781250001 0.885807215625 0.8507109328125001 0.884727840625 0.8367088859375 0.8733941890624999 0.8311081015624999
3 0.9160301531249999 0.8402093984375 0.9076498296875 0.8199232125 0.885807215625 0.8528112625000001 0.9203477421875 0.8542114453125 0.9160301531249999 0.8402093984375
1 0.38725490156250003 0.5042372875 0.367647059375 0.5042372875 0.364379084375 0.5 0.3578431375 0.5 0.3529411765625 0.5063559328125 0.3529411765625 0.5105932203125 0.34640522812499996 0.5148305078125001 0.348039215625 0.521186440625 0.3611111109375 0.521186440625 0.364379084375 0.525423728125 0.3905228765625 0.525423728125 0.39379084999999997 0.5338983046875 0.41176470624999995 0.5317796609375 0.4150326796875 0.523305084375 0.40359477187500004 0.5084745765625 0.3905228765625 0.5084745765625 0.38725490156250003 0.5042372875
3 0.49509803906250005 0.5042372875 0.491830065625 0.5042372875 0.4869281046875 0.5317796609375 0.5065359484374999 0.5317796609375 0.5065359484374999 0.523305084375 0.5 0.5148305078125001 0.5 0.5105932203125 0.49509803906250005 0.5042372875
2 0.5252901375000001 0.7176914875 0.544179503125 0.72399241875 0.5932918500000001 0.7057897718749999 0.5841170328125 0.6105758890625 0.546877984375 0.59517358125 0.53986191875 0.546866534375 0.506400771875 0.5363649953125 0.396202775 0.5487151531250001 0.4891304671875 0.6889873046874999 0.5236710328124999 0.6833864921874999 0.5252901375000001 0.7176914875
3 0.5669934640625 0.54661016875 0.562091503125 0.5572033890625 0.562091503125 0.58262711875 0.571895425 0.58262711875 0.571895425 0.5656779656250001 0.5751633984375 0.5572033890625 0.571895425 0.5487288140625 0.5669934640625 0.54661016875
3 0.5490196078125 0.519067796875 0.5506535953125 0.5296610171875 0.571895425 0.5275423734375 0.571895425 0.523305084375 0.560457515625 0.5084745765625 0.5571895421875 0.5084745765625 0.5490196078125 0.519067796875