1 0.5555555562500001 0.6631355937500001 0.5555555562500001 0.641949153125 0.544117646875 0.62288135625 0.5375816999999999 0.6186440671875 0.527777778125 0.6186440671875 0.5245098046875001 0.6144067796875 0.5212418296875 0.6186440671875 0.5016339875 0.6186440671875 0.48366013125 0.6377118640624999 0.4869281046875 0.646186440625 0.4869281046875 0.6588983046875 0.5 0.67161016875 0.5049019609375 0.686440678125 0.51797385625 0.686440678125 0.5212418296875 0.6822033890625 0.5408496734375 0.6822033890625 0.5506535953125 0.6906779656250001 0.55228758125 0.688559321875 0.55228758125 0.6843220343749999 0.5588235296875 0.6758474578125 0.5588235296875 0.66737288125 0.5555555562500001 0.6631355937500001
4 0.8676470593750001 0.733050846875 0.831699346875 0.7203389828125 0.7859477125 0.6949152546875 0.7271241828125 0.6991525421875 0.707516340625 0.70762711875 0.69607843125 0.7224576265625 0.689542484375 0.7436440671875 0.689542484375 0.7817796609375 0.7009803921875 0.7881355937500001 0.7107843140625 0.8050847453125 0.7205882359375 0.8135593218749999 0.723856209375 0.8093220343749999 0.7271241828125 0.8135593218749999 0.73366013125 0.8050847453125 0.7467320265625 0.8177966109374999 0.75 0.8135593218749999 0.7630718953125 0.8220338984375 0.7794117640625 0.8432203390625 0.7859477125 0.8389830515625001 0.8022875812500001 0.851694915625 0.812091503125 0.8474576265625 0.8218954249999999 0.855932203125 0.830065359375 0.853813559375 0.8349673203125001 0.8474576265625 0.8611111109375 0.8389830515625001 0.8660130718750001 0.82838983125 0.8676470593750001 0.733050846875
1 0.44444444375 0.6758474578125 0.439542484375 0.6737288140625 0.419934640625 0.648305084375 0.39379084999999997 0.648305084375 0.37581699375 0.67161016875 0.37581699375 0.6843220343749999 0.37254902031250003 0.688559321875 0.37581699375 0.6927966109375 0.3790849671875 0.7097457625 0.38725490156250003 0.7203389828125 0.3921568625 0.7224576265625 0.3954248359375 0.7394067796875 0.4068627453125 0.75 0.4509803921875 0.74788135625 0.45751634062499996 0.7436440671875 0.45751634062499996 0.730932203125 0.4607843140625 0.7224576265625 0.44444444375 0.6758474578125
1 0.4068627453125 0.605932203125 0.40032679687500006 0.601694915625 0.383986928125 0.601694915625 0.37254902031250003 0.6122881359375001 0.3692810453125 0.6207627125 0.37254902031250003 0.625 0.37254902031250003 0.641949153125 0.3790849671875 0.6588983046875 0.382352940625 0.6588983046875 0.39379084999999997 0.648305084375 0.421568628125 0.646186440625 0.41830065312500003 0.6207627125 0.4068627453125 0.605932203125
1 0.348039215625 0.563559321875 0.3169934640625 0.5656779656250001 0.313725490625 0.5741525421875 0.313725490625 0.5911016953125 0.328431371875 0.6144067796875 0.366013071875 0.6122881359375001 0.366013071875 0.5953389828125 0.35620915000000003 0.57838983125 0.35620915000000003 0.5741525421875 0.348039215625 0.563559321875
1 0.44117647031249996 0.5741525421875 0.44117647031249996 0.58262711875 0.43464052343750004 0.599576271875 0.44281045781249995 0.6101694921874999 0.47385620937499995 0.608050846875 0.47385620937499995 0.5868644062499999 0.46241830000000006 0.5677966109375 0.44607843125 0.5677966109375 0.44117647031249996 0.5741525421875
1 0.44444444375 0.5572033890625 0.44444444375 0.5487288140625 0.436274509375 0.54237288125 0.41339869218749997 0.54237288125 0.41176470624999995 0.5487288140625 0.4068627453125 0.5508474578125 0.40196078437500005 0.561440678125 0.4166666671875 0.5847457625 0.428104575 0.58262711875 0.43300653593750005 0.5762711859375 0.439542484375 0.5762711859375 0.44771241875 0.561440678125 0.44444444375 0.5572033890625
1 0.38725490156250003 0.521186440625 0.383986928125 0.525423728125 0.37418300625 0.525423728125 0.366013071875 0.5360169484374999 0.366013071875 0.544491525 0.37418300625 0.5550847453125 0.3807189546875 0.5550847453125 0.383986928125 0.5593220343749999 0.3905228765625 0.5550847453125 0.3970588234375 0.5593220343749999 0.40196078437500005 0.5572033890625 0.41176470624999995 0.544491525 0.40849673124999997 0.5317796609375 0.40359477187500004 0.525423728125 0.38725490156250003 0.521186440625
1 0.258169934375 0.5105932203125 0.258169934375 0.523305084375 0.2630718953125 0.5296610171875 0.2908496734375 0.5275423734375 0.2908496734375 0.5105932203125 0.2794117640625 0.5 0.26633986875 0.5 0.258169934375 0.5105932203125
3 0.40032679687500006 0.79661016875 0.3970588234375 0.79661016875 0.3921568625 0.8029661015625 0.3921568625 0.8156779656250001 0.3888888890625 0.8199152546875 0.3888888890625 0.853813559375 0.3970588234375 0.8601694921874999 0.40359477187500004 0.8601694921874999 0.4068627453125 0.855932203125 0.41339869218749997 0.855932203125 0.4166666671875 0.8601694921874999 0.41830065312500003 0.8580508468750001 0.42483660156249997 0.8411016953124999 0.4150326796875 0.8241525421875 0.41176470624999995 0.8114406781250001 0.40032679687500006 0.79661016875
3 0.2483660125 0.8029661015625 0.2483660125 0.7605932203125 0.24019607812500002 0.7457627125 0.23366013125 0.7457627125 0.2254901953125 0.7605932203125 0.2254901953125 0.8368644062499999 0.23039215624999998 0.8432203390625 0.23202614375000002 0.8411016953124999 0.23856209218750002 0.83262711875 0.241830065625 0.8199152546875 0.2516339875 0.8114406781250001 0.2483660125 0.8029661015625
3 0.33986928125000004 0.730932203125 0.3366013078125 0.726694915625 0.3366013078125 0.7139830515625001 0.3333333328125 0.705508475 0.32516339843750003 0.6949152546875 0.321895425 0.6949152546875 0.313725490625 0.7097457625 0.313725490625 0.7224576265625 0.310457515625 0.726694915625 0.310457515625 0.75211864375 0.313725490625 0.7563559328125 0.313725490625 0.769067796875 0.32516339843750003 0.7838983046875 0.330065359375 0.7817796609375 0.3366013078125 0.773305084375 0.3366013078125 0.74788135625 0.33986928125000004 0.7436440671875 0.33986928125000004 0.730932203125
3 0.3366013078125 0.6334745765625 0.3366013078125 0.6588983046875 0.33986928125000004 0.6631355937500001 0.33986928125000004 0.67161016875 0.3447712421875 0.6779661015625 0.35620915000000003 0.6758474578125 0.35620915000000003 0.6377118640624999 0.348039215625 0.62288135625 0.34150326875000003 0.62288135625 0.3366013078125 0.6334745765625
3 0.26633986875 0.6101694921874999 0.2647058828125 0.650423728125 0.26960784375 0.6610169484374999 0.276143790625 0.6652542375 0.27777777812500004 0.6631355937500001 0.28431372499999996 0.646186440625 0.28431372499999996 0.6292372875 0.2728758171875 0.6101694921874999 0.26633986875 0.6101694921874999
3 0.2549019609375 0.5529661015625 0.24019607812500002 0.5508474578125 0.23856209218750002 0.5868644062499999 0.2434640515625 0.5932203390625 0.2549019609375 0.5911016953125 0.258169934375 0.58262711875 0.258169934375 0.5656779656250001 0.2549019609375 0.561440678125 0.2549019609375 0.5529661015625
3 0.292483659375 0.62711864375 0.2908496734375 0.6377118640624999 0.2875817 0.641949153125 0.2908496734375 0.646186440625 0.2908496734375 0.67161016875 0.2990196078125 0.6822033890625 0.3006535953125 0.6800847453125 0.3071895421875 0.67161016875 0.3071895421875 0.6377118640624999 0.2990196078125 0.62711864375 0.292483659375 0.62711864375
3 0.313725490625 0.5868644062499999 0.30882352968750004 0.580508475 0.30555555624999997 0.580508475 0.30392156875 0.5868644062499999 0.2908496734375 0.599576271875 0.2908496734375 0.6207627125 0.2990196078125 0.62288135625 0.30555555624999997 0.6186440671875 0.312091503125 0.62711864375 0.313725490625 0.625 0.3169934640625 0.6207627125 0.3169934640625 0.603813559375 0.313725490625 0.599576271875 0.313725490625 0.5868644062499999
3 0.55392156875 0.601694915625 0.5506535953125 0.601694915625 0.542483659375 0.6207627125 0.5506535953125 0.6355932203125 0.5588235296875 0.6334745765625 0.5588235296875 0.6207627125 0.562091503125 0.6165254234375 0.5588235296875 0.608050846875 0.55392156875 0.601694915625
3 0.51960784375 0.6122881359375001 0.5326797390625 0.6122881359375001 0.5326797390625 0.599576271875 0.5245098046875001 0.5847457625 0.51960784375 0.5911016953125 0.51960784375 0.6122881359375001
3 0.509803921875 0.561440678125 0.5016339875 0.5593220343749999 0.5 0.5741525421875 0.49673202656250004 0.57838983125 0.49673202656250004 0.5911016953125 0.5049019609375 0.601694915625 0.5065359484374999 0.599576271875 0.5130718953125 0.5868644062499999 0.5130718953125 0.57838983125 0.509803921875 0.5741525421875 0.509803921875 0.561440678125
3 0.5555555562500001 0.5487288140625 0.5555555562500001 0.5656779656250001 0.5653594765625 0.5656779656250001 0.5686274515624999 0.5572033890625 0.5669934640625 0.5381355937500001 0.563725490625 0.5381355937500001 0.5555555562500001 0.5487288140625
3 0.4689542484375 0.5508474578125 0.46405228750000005 0.561440678125 0.46405228750000005 0.5699152546875 0.47222222187499996 0.580508475 0.48366013125 0.57838983125 0.490196078125 0.5699152546875 0.490196078125 0.5529661015625 0.48202614375 0.54661016875 0.4689542484375 0.5508474578125
3 0.5 0.50211864375 0.5 0.519067796875 0.508169934375 0.525423728125 0.51633986875 0.523305084375 0.5212418296875 0.521186440625 0.5228758171875 0.5148305078125001 0.508169934375 0.48728813593750003 0.5 0.50211864375
3 0.43137254843750006 0.50211864375 0.436274509375 0.5127118640624999 0.44771241875 0.5105932203125 0.44771241875 0.50211864375 0.44281045781249995 0.49152542343750005 0.439542484375 0.49152542343750005 0.43137254843750006 0.50211864375
3 0.4052287578125 0.5105932203125 0.4068627453125 0.525423728125 0.421568628125 0.523305084375 0.42483660156249997 0.519067796875 0.4232026140625 0.5084745765625 0.41013071874999996 0.5042372875 0.4052287578125 0.5105932203125
2 0.31095115624999997 0.52504763125 0.3472311859375 0.5337837078125001 0.37625516718749996 0.5116074828125 0.35604199687500004 0.49346330156249996 0.2641536671875 0.498218653125 0.2575676640625 0.514967525 0.26430537656249997 0.5304236906249999 0.31095115624999997 0.52504763125