3 0.20588235312499997 0.519067796875 0.22875817031249998 0.49364406718750004 0.2107843140625 0.44067796562500006 0.1928104578125 0.48093220312499996 0.20588235312499997 0.519067796875
3 0.18954248437500001 0.6546610171875 0.222222221875 0.705508475 0.2254901953125 0.599576271875 0.20098039218750002 0.563559321875 0.186274509375 0.599576271875 0.18954248437500001 0.6546610171875
3 0.34640522812499996 0.6588983046875 0.3545751640625 0.686440678125 0.382352940625 0.7012711859375 0.3921568625 0.688559321875 0.3888888890625 0.6207627125 0.367647059375 0.5889830515625001 0.34640522812499996 0.6588983046875
3 0.26398185625 0.6846500078125 0.2656617609375 0.7227366828124999 0.2866599546875 0.7107665296875 0.3110177453125 0.74667684375 0.31269765 0.7205602328125 0.302618496875 0.6585333515625 0.2773963109375 0.5857135046875 0.2656617609375 0.6204466359375 0.2698613859375 0.6639742921875 0.26398185625 0.6846500078125
3 0.5655157421875 0.7162074703125 0.57727473125 0.72708939375 0.5932333437499999 0.7673524703125 0.6016326640625 0.6900909484375 0.6041524515625001 0.6378576828125 0.5879584578125 0.606670728125 0.5663556953125 0.64112235625 0.5638359046875 0.6846500078125 0.5655157421875 0.7162074703125
3 0.6830065359375 0.5148305078125001 0.705882353125 0.519067796875 0.741830065625 0.5063559328125 0.7107843140625 0.44491525468750004 0.6797385625000001 0.48093220312499996 0.6830065359375 0.5148305078125001
3 0.7026143796875 0.599576271875 0.73202614375 0.608050846875 0.7385620921875 0.5529661015625 0.7205882359375 0.525423728125 0.7091503265625 0.5317796609375 0.7026143796875 0.599576271875
3 0.785576796875 0.726001215625 0.7998554312499999 0.6128292921875 0.7726794375 0.58271961875 0.7477800390625 0.63568136875 0.7570192421875 0.679209025 0.785576796875 0.726001215625
3 0.5428377156249999 0.6694152328125 0.55963628125 0.59541825 0.5360056828124999 0.5378112875000001 0.5151201140625 0.5910654875 0.5218395265625 0.63459314375 0.5428377156249999 0.6694152328125
3 0.4319673078125 0.8369967375 0.47060394375000003 0.7706170515624999 0.46892411093749997 0.726001215625 0.44018167343750003 0.6770271140624999 0.40592953906250007 0.7629997078125 0.4176885296875 0.7880281859375 0.4319673078125 0.8369967375
3 0.3723324765625 0.8576723640624999 0.3672929015625 0.7836753812499999 0.3316580984375 0.7324140546875 0.3068181203125 0.8141446609375 0.3110177453125 0.8576723640624999 0.3723324765625 0.8576723640624999
3 0.2102264875 0.8544077796874999 0.2690213625 0.8533196484375001 0.26230195156249997 0.7956454828124999 0.232370571875 0.7398987796875 0.2119063234375 0.73579491875 0.20266719218749998 0.8119683046875 0.2102264875 0.8544077796874999
3 0.2001473328125 0.7107665296875 0.17118174531250002 0.6635546140625 0.1531114484375 0.74558861875 0.2009872875 0.8174092453125 0.2001473328125 0.7107665296875
3 0.17914914375 0.64112235625 0.1457826109375 0.6036768390625 0.12875351562499998 0.682473559375 0.14555208125000002 0.7107665296875 0.17914914375 0.64112235625
3 0.32613647343749996 0.564948965625 0.3016409375 0.5123632328125 0.29001955156250003 0.5638606984375001 0.3110177453125 0.63894590625 0.32613647343749996 0.564948965625
3 0.52771905625 0.791292678125 0.5386380921875 0.7129428890625 0.5152245718749999 0.6261310046874999 0.4874025125 0.6563569484375 0.49412192499999996 0.74123585625 0.52771905625 0.791292678125
3 0.6243107578125 0.8544077796874999 0.66882685625 0.8598487203125 0.67638615 0.7999981984375 0.636447715625 0.7204385 0.6066721703125 0.7499414703125 0.6033125687500001 0.7956454828124999 0.6243107578125 0.8544077796874999
3 0.6045751640625 0.853813559375 0.6013071890624999 0.7860169484374999 0.5833333328125 0.775423728125 0.562091503125 0.8495762718750001 0.6045751640625 0.853813559375
1 0.616013071875 0.5932203390625 0.6111111109375 0.641949153125 0.6307189546874999 0.6546610171875 0.6503267968750001 0.730932203125 0.687908496875 0.7584745765625 0.7287581703125 0.7605932203125 0.76797385625 0.7436440671875 0.7352941171875 0.625 0.6944444437499999 0.5974576265625 0.616013071875 0.5932203390625
3 0.3622533953125 0.59541825 0.3866112546875 0.59868283125 0.3857713046875 0.5235976234375 0.37091130781250004 0.4943998984375 0.34713466406250004 0.525774025 0.34881449999999997 0.557331534375 0.3622533953125 0.59541825
3 0.44960575468749997 0.6639742921875 0.4538054515625 0.5975946984375 0.428607565625 0.550802415625 0.40676949375 0.63459314375 0.419368365625 0.6617978890625 0.44960575468749997 0.6639742921875
3 0.47480356874999996 0.65309236875 0.4806830984375 0.5812718343750001 0.46096278437500005 0.5378112875000001 0.44960575468749997 0.57038990625 0.44960575468749997 0.604123771875 0.47480356874999996 0.65309236875
3 0.759803921875 0.8177966109374999 0.7549019609375 0.8156779656250001 0.7516339875 0.8029661015625 0.7467320265625 0.79661016875 0.740196078125 0.8093220343749999 0.705882353125 0.8114406781250001 0.707516340625 0.8177966109374999 0.7205882359375 0.8262711859375 0.7271241828125 0.8262711859375 0.73202614375 0.83262711875 0.73202614375 0.8411016953124999 0.7254901953124999 0.853813559375 0.73039215625 0.8601694921874999 0.7908496734375 0.8580508468750001 0.7908496734375 0.8368644062499999 0.7826797390625 0.8262711859375 0.76960784375 0.830508475 0.759803921875 0.8177966109374999
3 0.8439464875 0.782575978125 0.8570632453125 0.81566933125 0.846017509375 0.8568123468750001 0.909530628125 0.8612844031250001 0.9157438171875001 0.81566933125 0.905528340625 0.7594795000000001 0.906769225 0.7664765640625 0.8763933109375 0.734277728125 0.8439464875 0.782575978125
3 0.2930399546875 0.49546913124999997 0.297872496875 0.5223015421875 0.317198015625 0.5134036656250001 0.3178928265625 0.45879816562500003 0.3068470921875 0.44090986875000004 0.29096886875 0.46953116093749997 0.2930399546875 0.49546913124999997
3 0.27716173125 0.46684787656250004 0.285446003125 0.41765511093749996 0.2773433796875 0.39528726718749996 0.2668063203125 0.4239160078125 0.267496640625 0.45343166874999996 0.27716173125 0.46684787656250004
3 0.5263813078124999 0.526773596875 0.5319041734375001 0.47310877500000004 0.5164711890625 0.4445024328125 0.5077416234375 0.46863672031250003 0.509812646875 0.49457469062500004 0.5263813078124999 0.526773596875
3 0.3551722515625 0.474897584375 0.3662179875 0.48115848281250007 0.3662179875 0.439121059375 0.35705265 0.41497333437500006 0.344816840625 0.43375460156249995 0.344816840625 0.4605870125 0.3551722515625 0.474897584375
3 0.3358422453125 0.42212716562499997 0.3510300875 0.3917171015625 0.342818853125 0.365758165625 0.32755785625 0.38008974218749997 0.3254868328125 0.40513330937500003 0.3358422453125 0.42212716562499997