3 0.542483659375 0.8072033890625001 0.542483659375 0.794491525 0.5375816999999999 0.7881355937500001 0.5310457515625 0.7881355937500001 0.526143790625 0.7987288140625 0.526143790625 0.8072033890625001 0.51960784375 0.8199152546875 0.51960784375 0.82838983125 0.51633986875 0.83262711875 0.51960784375 0.8495762718750001 0.5245098046875001 0.855932203125 0.55228758125 0.853813559375 0.55228758125 0.8453389828125 0.5555555562500001 0.8411016953124999 0.55228758125 0.8241525421875 0.542483659375 0.8072033890625001
3 0.47385620937499995 0.7860169484374999 0.46405228750000005 0.7605932203125 0.4591503265625 0.7584745765625 0.455882353125 0.75 0.44934640468750003 0.75 0.44771241875 0.7648305078125001 0.44117647031249996 0.7817796609375 0.44117647031249996 0.7902542375 0.44444444375 0.794491525 0.44444444375 0.8114406781250001 0.44117647031249996 0.8156779656250001 0.4509803921875 0.83262711875 0.4509803921875 0.8453389828125 0.455882353125 0.851694915625 0.47385620937499995 0.8495762718750001 0.47385620937499995 0.8199152546875 0.4771241828125 0.8156779656250001 0.47385620937499995 0.8114406781250001 0.47385620937499995 0.7860169484374999
3 0.3986928109375 0.769067796875 0.39379084999999997 0.7627118640624999 0.38725490156250003 0.7627118640624999 0.3790849671875 0.7860169484374999 0.3790849671875 0.83262711875 0.3905228765625 0.855932203125 0.4052287578125 0.853813559375 0.40849673124999997 0.8453389828125 0.40849673124999997 0.8072033890625001 0.4052287578125 0.8029661015625 0.3986928109375 0.769067796875
3 0.3267973859375 0.8156779656250001 0.3186274515625 0.8093220343749999 0.30392156875 0.82838983125 0.30392156875 0.8495762718750001 0.30882352968750004 0.855932203125 0.3333333328125 0.853813559375 0.3366013078125 0.8495762718750001 0.3366013078125 0.8411016953124999 0.3267973859375 0.8241525421875 0.3267973859375 0.8156779656250001
3 0.35620915000000003 0.7605932203125 0.3594771234375 0.75211864375 0.35620915000000003 0.74788135625 0.35620915000000003 0.7394067796875 0.348039215625 0.728813559375 0.33823529375 0.724576271875 0.3267973859375 0.74788135625 0.3267973859375 0.7775423734375 0.3333333328125 0.7902542375 0.3333333328125 0.7987288140625 0.348039215625 0.8177966109374999 0.349673203125 0.8156779656250001 0.3529411765625 0.8114406781250001 0.3529411765625 0.7987288140625 0.35620915000000003 0.794491525 0.35620915000000003 0.7605932203125
3 0.3366013078125 0.6334745765625 0.3366013078125 0.67161016875 0.34150326875000003 0.6822033890625 0.3513071890625 0.6822033890625 0.3545751640625 0.686440678125 0.35620915000000003 0.6843220343749999 0.3594771234375 0.6800847453125 0.3594771234375 0.646186440625 0.34150326875000003 0.62711864375 0.3366013078125 0.6334745765625
3 0.33632781093749997 0.7233446140625001 0.3583021046875 0.7353251609375 0.364353009375 0.7287152125 0.364353009375 0.7068197281249999 0.36148678749999996 0.6981441734375 0.3462003234375 0.683271784375 0.33505393125 0.6931867203125 0.3344169796875 0.7080591109375 0.33632781093749997 0.7233446140625001
3 0.30228758125 0.6355932203125 0.2990196078125 0.6355932203125 0.2908496734375 0.650423728125 0.2908496734375 0.6800847453125 0.30228758125 0.6991525421875 0.310457515625 0.6970338984375 0.310457515625 0.6843220343749999 0.313725490625 0.6800847453125 0.310457515625 0.646186440625 0.30228758125 0.6355932203125
3 0.2794117640625 0.6101694921874999 0.2712418296875 0.6207627125 0.2712418296875 0.6588983046875 0.2794117640625 0.669491525 0.2810457515625 0.66737288125 0.2908496734375 0.646186440625 0.2908496734375 0.6334745765625 0.2826797390625 0.6101694921874999 0.2794117640625 0.6101694921874999
3 0.31535947656249996 0.5974576265625 0.3071895421875 0.6165254234375 0.310457515625 0.641949153125 0.31535947656249996 0.648305084375 0.3267973859375 0.646186440625 0.3267973859375 0.6165254234375 0.3202614375 0.608050846875 0.3202614375 0.599576271875 0.31535947656249996 0.5974576265625
3 0.3431372546875 0.5656779656250001 0.3431372546875 0.5911016953125 0.348039215625 0.5974576265625 0.3529411765625 0.5953389828125 0.35620915000000003 0.5911016953125 0.35620915000000003 0.5699152546875 0.348039215625 0.5550847453125 0.3431372546875 0.5656779656250001
3 0.2973856203125 0.57838983125 0.292483659375 0.5720338984375 0.28431372499999996 0.57838983125 0.28431372499999996 0.5868644062499999 0.27777777812500004 0.5911016953125 0.27450980468749997 0.603813559375 0.2794117640625 0.6101694921874999 0.2892156859375 0.6101694921874999 0.292483659375 0.6144067796875 0.2973856203125 0.6122881359375001 0.3006535953125 0.608050846875 0.3006535953125 0.5911016953125 0.2973856203125 0.5868644062499999 0.2973856203125 0.57838983125
3 0.5653594765625 0.6334745765625 0.5653594765625 0.625 0.5588235296875 0.608050846875 0.55392156875 0.605932203125 0.545751634375 0.6207627125 0.545751634375 0.6546610171875 0.5506535953125 0.6610169484374999 0.5588235296875 0.6588983046875 0.562091503125 0.6546610171875 0.562091503125 0.646186440625 0.5588235296875 0.641949153125 0.5653594765625 0.6334745765625
3 0.40849673124999997 0.5529661015625 0.40849673124999997 0.5699152546875 0.41339869218749997 0.5762711859375 0.41830065312500003 0.5741525421875 0.421568628125 0.5487288140625 0.4166666671875 0.54237288125 0.41339869218749997 0.54237288125 0.40849673124999997 0.5529661015625
3 0.5049019609375 0.54237288125 0.5 0.5529661015625 0.5 0.5656779656250001 0.508169934375 0.5720338984375 0.5130718953125 0.5699152546875 0.51633986875 0.5572033890625 0.5130718953125 0.5487288140625 0.508169934375 0.54237288125 0.5049019609375 0.54237288125
1 0.41013071874999996 0.6101694921874999 0.40359477187500004 0.6101694921874999 0.40032679687500006 0.605932203125 0.383986928125 0.605932203125 0.3807189546875 0.6101694921874999 0.37418300625 0.6101694921874999 0.3692810453125 0.6165254234375 0.3692810453125 0.650423728125 0.383986928125 0.6737288140625 0.41830065312500003 0.67161016875 0.42483660156249997 0.66737288125 0.42483660156249997 0.641949153125 0.4150326796875 0.6165254234375 0.41013071874999996 0.6101694921874999
1 0.6111111109375 0.7012711859375 0.6045751640625 0.6843220343749999 0.5931372546875 0.669491525 0.580065359375 0.6610169484374999 0.5506535953125 0.6610169484374999 0.5408496734375 0.669491525 0.534313725 0.669491525 0.526143790625 0.6758474578125 0.526143790625 0.705508475 0.5310457515625 0.7118644062499999 0.5408496734375 0.7161016953125 0.5490196078125 0.726694915625 0.55392156875 0.7415254234375 0.560457515625 0.7415254234375 0.563725490625 0.7372881359375001 0.5931372546875 0.7372881359375001 0.5996732031249999 0.7457627125 0.6045751640625 0.7436440671875 0.6111111109375 0.7351694921874999 0.614379084375 0.7139830515625001 0.6111111109375 0.7097457625 0.6111111109375 0.7012711859375
4 0.5294117640625 0.625 0.5294117640625 0.5953389828125 0.526143790625 0.5868644062499999 0.51797385625 0.5762711859375 0.5114379078125 0.5720338984375 0.5016339875 0.5720338984375 0.4983660125 0.5677966109375 0.4787581703125 0.5720338984375 0.454248365625 0.6122881359375001 0.4509803921875 0.6207627125 0.454248365625 0.6334745765625 0.46241830000000006 0.644067796875 0.46568627500000004 0.644067796875 0.4754901953125 0.6610169484374999 0.48202614375 0.6610169484374999 0.4852941171875 0.6567796609375 0.4983660125 0.6567796609375 0.5016339875 0.6610169484374999 0.5228758171875 0.6588983046875 0.5294117640625 0.646186440625 0.526143790625 0.6377118640624999 0.526143790625 0.6292372875 0.5294117640625 0.625
4 0.4869281046875 0.5402542375 0.4787581703125 0.5338983046875 0.46568627500000004 0.5296610171875 0.4526143796875 0.516949153125 0.436274509375 0.516949153125 0.421568628125 0.5317796609375 0.421568628125 0.5741525421875 0.428104575 0.5911016953125 0.439542484375 0.605932203125 0.44771241875 0.603813559375 0.454248365625 0.5699152546875 0.46241830000000006 0.563559321875 0.4852941171875 0.563559321875 0.4869281046875 0.5402542375
4 0.26960784375 0.54237288125 0.2630718953125 0.5338983046875 0.2450980390625 0.5360169484374999 0.2450980390625 0.5487288140625 0.2549019609375 0.5656779656250001 0.2565359484375 0.5762711859375 0.259803921875 0.5720338984375 0.26633986875 0.5762711859375 0.27777777812500004 0.5741525421875 0.2810457515625 0.5699152546875 0.2810457515625 0.5572033890625 0.2728758171875 0.54237288125 0.26960784375 0.54237288125
3 0.259803921875 0.5720338984375 0.2549019609375 0.57838983125 0.258169934375 0.599576271875 0.26797385625 0.599576271875 0.2712418296875 0.5868644062499999 0.26797385625 0.57838983125 0.2630718953125 0.5720338984375 0.259803921875 0.5720338984375
2 0.15849673125 0.49576271250000004 0.13888888906250002 0.5 0.133986928125 0.5063559328125 0.133986928125 0.5275423734375 0.14215686249999998 0.5338983046875 0.1568627453125 0.5317796609375 0.16176470625 0.525423728125 0.17320261406249998 0.519067796875 0.17320261406249998 0.5063559328125 0.15849673125 0.49576271250000004
3 0.509803921875 0.5148305078125001 0.5065359484374999 0.519067796875 0.508169934375 0.5296610171875 0.5294117640625 0.5275423734375 0.5294117640625 0.523305084375 0.5147058828125 0.5042372875 0.509803921875 0.5063559328125 0.509803921875 0.5148305078125001
3 0.367647059375 0.5720338984375 0.37254902031250003 0.5699152546875 0.3709150328125 0.5593220343749999 0.36274509843749997 0.561440678125 0.36274509843749997 0.5656779656250001 0.367647059375 0.5720338984375