3 0.436274509375 0.6737288140625 0.43300653593750005 0.6737288140625 0.42483660156249997 0.6843220343749999 0.428104575 0.7394067796875 0.44444444375 0.7394067796875 0.44444444375 0.730932203125 0.44771241875 0.726694915625 0.44771241875 0.688559321875 0.436274509375 0.6737288140625
3 0.3888888890625 0.688559321875 0.3888888890625 0.6758474578125 0.383986928125 0.669491525 0.3692810453125 0.688559321875 0.3692810453125 0.7139830515625001 0.3790849671875 0.7394067796875 0.383986928125 0.7457627125 0.3921568625 0.7436440671875 0.3921568625 0.730932203125 0.3954248359375 0.726694915625 0.3954248359375 0.705508475 0.3888888890625 0.688559321875
3 0.3692810453125 0.769067796875 0.366013071875 0.7648305078125001 0.366013071875 0.7351694921874999 0.36274509843749997 0.730932203125 0.36274509843749997 0.7224576265625 0.3545751640625 0.7203389828125 0.3431372546875 0.7394067796875 0.33986928125000004 0.7563559328125 0.3431372546875 0.7605932203125 0.3431372546875 0.7775423734375 0.34640522812499996 0.7817796609375 0.34640522812499996 0.7902542375 0.3529411765625 0.8072033890625001 0.3578431375 0.8135593218749999 0.36274509843749997 0.8114406781250001 0.366013071875 0.8029661015625 0.366013071875 0.7817796609375 0.3692810453125 0.7775423734375 0.3692810453125 0.769067796875
3 0.3267973859375 0.6843220343749999 0.3202614375 0.67161016875 0.3202614375 0.6631355937500001 0.312091503125 0.6610169484374999 0.310457515625 0.67161016875 0.3071895421875 0.6758474578125 0.3071895421875 0.6927966109375 0.30392156875 0.6970338984375 0.30392156875 0.705508475 0.3169934640625 0.7351694921874999 0.3202614375 0.7351694921874999 0.3235294125 0.730932203125 0.3235294125 0.7182203390625 0.3267973859375 0.7139830515625001 0.3267973859375 0.6843220343749999
3 0.51633986875 0.8156779656250001 0.51960784375 0.8114406781250001 0.51960784375 0.7987288140625 0.51633986875 0.794491525 0.51960784375 0.7817796609375 0.51633986875 0.7775423734375 0.5130718953125 0.7563559328125 0.5049019609375 0.75 0.4983660125 0.75 0.4869281046875 0.773305084375 0.4869281046875 0.8114406781250001 0.490196078125 0.8156779656250001 0.490196078125 0.8241525421875 0.5016339875 0.8389830515625001 0.5032679734375 0.8368644062499999 0.5147058828125 0.8347457625000001 0.51960784375 0.82838983125 0.51960784375 0.8199152546875 0.51633986875 0.8156779656250001
3 0.47385620937499995 0.7860169484374999 0.47222222187499996 0.7796610171875 0.46568627500000004 0.7796610171875 0.4509803921875 0.8029661015625 0.4509803921875 0.8368644062499999 0.454248365625 0.8411016953124999 0.454248365625 0.8495762718750001 0.46241830000000006 0.8601694921874999 0.4673202609375 0.8580508468750001 0.4787581703125 0.851694915625 0.48366013125 0.8453389828125 0.48366013125 0.7987288140625 0.47385620937499995 0.7860169484374999
3 0.4068627453125 0.775423728125 0.40196078437500005 0.7817796609375 0.3954248359375 0.7987288140625 0.3954248359375 0.8072033890625001 0.3921568625 0.8114406781250001 0.3921568625 0.8411016953124999 0.3954248359375 0.8453389828125 0.3970588234375 0.855932203125 0.41830065312500003 0.853813559375 0.421568628125 0.8495762718750001 0.421568628125 0.8072033890625001 0.41176470624999995 0.7817796609375 0.4068627453125 0.775423728125
3 0.3611111109375 0.8177966109374999 0.3513071890625 0.8177966109374999 0.33986928125000004 0.8411016953124999 0.33986928125000004 0.853813559375 0.3447712421875 0.8601694921874999 0.37581699375 0.8580508468750001 0.37581699375 0.8453389828125 0.366013071875 0.82838983125 0.366013071875 0.8241525421875 0.3611111109375 0.8177966109374999
3 0.310457515625 0.8114406781250001 0.30392156875 0.8029661015625 0.30392156875 0.794491525 0.2990196078125 0.7881355937500001 0.2908496734375 0.794491525 0.2908496734375 0.7987288140625 0.2810457515625 0.8156779656250001 0.2810457515625 0.8580508468750001 0.310457515625 0.8580508468750001 0.310457515625 0.83262711875 0.313725490625 0.8241525421875 0.310457515625 0.8199152546875 0.310457515625 0.8114406781250001
3 0.3169934640625 0.5656779656250001 0.3169934640625 0.599576271875 0.3202614375 0.603813559375 0.3202614375 0.6122881359375001 0.32516339843750003 0.6186440671875 0.3333333328125 0.6165254234375 0.3333333328125 0.5868644062499999 0.3267973859375 0.57838983125 0.321895425 0.5593220343749999 0.3169934640625 0.5656779656250001
3 0.313725490625 0.58262711875 0.30882352968750004 0.5762711859375 0.30555555624999997 0.5762711859375 0.30392156875 0.5868644062499999 0.3006535953125 0.5911016953125 0.3006535953125 0.6165254234375 0.30555555624999997 0.62288135625 0.312091503125 0.62711864375 0.313725490625 0.625 0.3235294125 0.6122881359375001 0.3202614375 0.608050846875 0.3202614375 0.599576271875 0.313725490625 0.58262711875
3 0.6470588234375 0.67161016875 0.6388888890625 0.6567796609375 0.6323529406249999 0.6567796609375 0.6307189546874999 0.6631355937500001 0.6209150328125 0.6758474578125 0.6209150328125 0.688559321875 0.6307189546874999 0.705508475 0.6307189546874999 0.7139830515625001 0.635620915625 0.7203389828125 0.6405228765625 0.7182203390625 0.64379085 0.7097457625 0.64379085 0.6970338984375 0.6470588234375 0.6927966109375 0.6470588234375 0.67161016875
3 0.5310457515625 0.5974576265625 0.5228758171875 0.608050846875 0.5228758171875 0.6377118640624999 0.527777778125 0.644067796875 0.5392156859375 0.641949153125 0.542483659375 0.6377118640624999 0.542483659375 0.608050846875 0.5375816999999999 0.5974576265625 0.5310457515625 0.5974576265625
3 0.5359477125 0.5911016953125 0.5408496734375 0.5974576265625 0.542483659375 0.5953389828125 0.55228758125 0.5699152546875 0.544117646875 0.5550847453125 0.5359477125 0.5699152546875 0.5359477125 0.5911016953125
3 0.508169934375 0.5593220343749999 0.5032679734375 0.5699152546875 0.5032679734375 0.5868644062499999 0.508169934375 0.5974576265625 0.51633986875 0.5953389828125 0.51960784375 0.5868644062499999 0.51960784375 0.5656779656250001 0.5147058828125 0.5593220343749999 0.508169934375 0.5593220343749999
3 0.5392156859375 0.5148305078125001 0.544117646875 0.521186440625 0.5588235296875 0.519067796875 0.5588235296875 0.5063559328125 0.5506535953125 0.49576271250000004 0.542483659375 0.50211864375 0.5392156859375 0.5148305078125001
3 0.5212418296875 0.49576271250000004 0.5130718953125 0.5105932203125 0.51797385625 0.516949153125 0.526143790625 0.5148305078125001 0.5294117640625 0.5105932203125 0.5294117640625 0.50211864375 0.5245098046875001 0.49576271250000004 0.5212418296875 0.49576271250000004
3 0.491830065625 0.521186440625 0.5065359484374999 0.519067796875 0.509803921875 0.5105932203125 0.5016339875 0.5 0.490196078125 0.5148305078125001 0.491830065625 0.521186440625
3 0.40359477187500004 0.521186440625 0.3954248359375 0.5317796609375 0.3954248359375 0.5487288140625 0.40849673124999997 0.5487288140625 0.41339869218749997 0.54661016875 0.41830065312500003 0.5360169484374999 0.41013071874999996 0.521186440625 0.40359477187500004 0.521186440625
3 0.45751634062499996 0.5105932203125 0.45751634062499996 0.5148305078125001 0.46241830000000006 0.521186440625 0.4705882359375 0.519067796875 0.47385620937499995 0.5148305078125001 0.47222222187499996 0.5042372875 0.46241830000000006 0.5042372875 0.45751634062499996 0.5105932203125
1 0.4526143796875 0.5084745765625 0.4232026140625 0.5084745765625 0.4150326796875 0.519067796875 0.4150326796875 0.523305084375 0.4264705875 0.5338983046875 0.44281045781249995 0.5338983046875 0.44607843125 0.5381355937500001 0.4509803921875 0.5360169484374999 0.4509803921875 0.5317796609375 0.45751634062499996 0.523305084375 0.45751634062499996 0.5148305078125001 0.4526143796875 0.5084745765625
1 0.6274509796875 0.7139830515625001 0.6274509796875 0.705508475 0.6127450984375 0.686440678125 0.5996732031249999 0.6779661015625 0.5571895421875 0.6822033890625 0.5392156859375 0.7012711859375 0.5392156859375 0.7182203390625 0.542483659375 0.726694915625 0.5686274515624999 0.7563559328125 0.5686274515624999 0.7648305078125001 0.5735294125 0.771186440625 0.581699346875 0.769067796875 0.6290849671875 0.766949153125 0.6372549015625 0.7563559328125 0.6372549015625 0.730932203125 0.6274509796875 0.7139830515625001
1 0.4787581703125 0.5889830515625001 0.4607843140625 0.603813559375 0.4607843140625 0.6207627125 0.4705882359375 0.6334745765625 0.47222222187499996 0.6398305078125001 0.509803921875 0.6377118640624999 0.5130718953125 0.6292372875 0.509803921875 0.608050846875 0.49509803906250005 0.5889830515625001 0.4787581703125 0.5889830515625001
1 0.4232026140625 0.5508474578125 0.41830065312500003 0.5572033890625 0.41830065312500003 0.561440678125 0.41176470624999995 0.5656779656250001 0.4150326796875 0.58262711875 0.4264705875 0.5974576265625 0.45751634062499996 0.5953389828125 0.45751634062499996 0.5656779656250001 0.44934640468750003 0.5550847453125 0.44281045781249995 0.5508474578125 0.4232026140625 0.5508474578125
1 0.490196078125 0.5529661015625 0.4852941171875 0.5550847453125 0.4771241828125 0.5699152546875 0.4771241828125 0.5868644062499999 0.49673202656250004 0.5868644062499999 0.5 0.58262711875 0.5 0.561440678125 0.491830065625 0.54661016875 0.490196078125 0.5529661015625
3 0.490196078125 0.5529661015625 0.4852941171875 0.5550847453125 0.4771241828125 0.5699152546875 0.4771241828125 0.5868644062499999 0.49673202656250004 0.5868644062499999 0.5 0.58262711875 0.5 0.561440678125 0.491830065625 0.54661016875 0.490196078125 0.5529661015625
3 0.44771241875 0.5529661015625 0.4509803921875 0.561440678125 0.4607843140625 0.561440678125 0.4607843140625 0.5487288140625 0.455882353125 0.54237288125 0.4526143796875 0.54237288125 0.44771241875 0.5529661015625
1 0.3431372546875 0.5317796609375 0.3431372546875 0.544491525 0.348039215625 0.5508474578125 0.385620915625 0.5487288140625 0.385620915625 0.5360169484374999 0.3709150328125 0.521186440625 0.3611111109375 0.521186440625 0.3431372546875 0.5317796609375
1 0.321895425 0.5042372875 0.30555555624999997 0.5042372875 0.294117646875 0.5148305078125001 0.294117646875 0.5275423734375 0.2990196078125 0.5338983046875 0.330065359375 0.5317796609375 0.3333333328125 0.523305084375 0.330065359375 0.519067796875 0.330065359375 0.5105932203125 0.321895425 0.5042372875
1 0.12745097968750002 0.5105932203125 0.12745097968750002 0.5148305078125001 0.132352940625 0.521186440625 0.16993464062500002 0.519067796875 0.16993464062500002 0.5105932203125 0.15849673125 0.49576271250000004 0.14215686249999998 0.49576271250000004 0.12745097968750002 0.5105932203125
3 0.349673203125 0.5105932203125 0.349673203125 0.49788135625 0.34150326875000003 0.49576271250000004 0.3366013078125 0.5105932203125 0.349673203125 0.5105932203125
3 0.2549019609375 0.5868644062499999 0.2549019609375 0.608050846875 0.259803921875 0.6144067796875 0.2712418296875 0.6122881359375001 0.2712418296875 0.5868644062499999 0.26633986875 0.580508475 0.259803921875 0.580508475 0.2549019609375 0.5868644062499999