3 0.3888888890625 0.7182203390625 0.385620915625 0.6927966109375 0.37745097968749997 0.6779661015625 0.3692810453125 0.688559321875 0.3692810453125 0.7012711859375 0.366013071875 0.705508475 0.3692810453125 0.7139830515625001 0.366013071875 0.7224576265625 0.3692810453125 0.726694915625 0.37254902031250003 0.74788135625 0.3807189546875 0.7584745765625 0.385620915625 0.7563559328125 0.3888888890625 0.75211864375 0.3888888890625 0.730932203125 0.3921568625 0.7224576265625 0.3888888890625 0.7182203390625
3 0.43464052343750004 0.8495762718750001 0.436274509375 0.8601694921874999 0.45751634062499996 0.8580508468750001 0.454248365625 0.8411016953124999 0.44934640468750003 0.8347457625000001 0.44607843125 0.8347457625000001 0.43464052343750004 0.8495762718750001
3 0.3970588234375 0.62288135625 0.3921568625 0.6292372875 0.3921568625 0.6588983046875 0.3986928109375 0.66737288125 0.40032679687500006 0.6779661015625 0.4150326796875 0.6758474578125 0.4150326796875 0.646186440625 0.41176470624999995 0.6377118640624999 0.40032679687500006 0.62288135625 0.3970588234375 0.62288135625
3 0.330065359375 0.66737288125 0.321895425 0.6525423734375 0.3169934640625 0.6588983046875 0.3169934640625 0.66737288125 0.313725490625 0.67161016875 0.310457515625 0.688559321875 0.313725490625 0.6927966109375 0.313725490625 0.7012711859375 0.3202614375 0.7182203390625 0.3267973859375 0.7182203390625 0.3333333328125 0.7012711859375 0.3333333328125 0.6843220343749999 0.330065359375 0.6800847453125 0.330065359375 0.66737288125
2 0.3366013078125 0.608050846875 0.3366013078125 0.599576271875 0.3186274515625 0.5974576265625 0.313725490625 0.608050846875 0.3169934640625 0.6165254234375 0.3169934640625 0.641949153125 0.330065359375 0.6631355937500001 0.330065359375 0.66737288125 0.33823529375 0.6779661015625 0.33986928125000004 0.6758474578125 0.3431372546875 0.641949153125 0.33986928125000004 0.6377118640624999 0.33986928125000004 0.6122881359375001 0.3366013078125 0.608050846875
3 0.2973856203125 0.5402542375 0.2973856203125 0.519067796875 0.2892156859375 0.516949153125 0.2875817 0.5402542375 0.2973856203125 0.5402542375
3 0.330065359375 0.5275423734375 0.330065359375 0.5360169484374999 0.3431372546875 0.5360169484374999 0.3431372546875 0.5148305078125001 0.3349673203125 0.5127118640624999 0.3333333328125 0.523305084375 0.330065359375 0.5275423734375
3 0.382352940625 0.5317796609375 0.3790849671875 0.544491525 0.38725490156250003 0.5550847453125 0.3954248359375 0.5529661015625 0.3954248359375 0.5317796609375 0.3905228765625 0.525423728125 0.38725490156250003 0.525423728125 0.382352940625 0.5317796609375
3 0.5408496734375 0.5084745765625 0.5326797390625 0.523305084375 0.5326797390625 0.5317796609375 0.55228758125 0.5317796609375 0.55228758125 0.523305084375 0.5473856203125 0.516949153125 0.544117646875 0.516949153125 0.5408496734375 0.5084745765625
3 0.45751634062499996 0.5063559328125 0.4591503265625 0.5127118640624999 0.47385620937499995 0.5105932203125 0.47385620937499995 0.5063559328125 0.4689542484375 0.5 0.46241830000000006 0.5 0.45751634062499996 0.5063559328125
3 0.44117647031249996 0.519067796875 0.44281045781249995 0.5296610171875 0.45751634062499996 0.5275423734375 0.45751634062499996 0.5148305078125001 0.4526143796875 0.5084745765625 0.44934640468750003 0.5084745765625 0.44117647031249996 0.519067796875
3 0.7614379078125 0.769067796875 0.75 0.75 0.7450980390625 0.7563559328125 0.741830065625 0.773305084375 0.7369281046875 0.7796610171875 0.73366013125 0.7796610171875 0.7287581703125 0.7902542375 0.7287581703125 0.8156779656250001 0.75 0.8432203390625 0.7565359484374999 0.8474576265625 0.7614379078125 0.8453389828125 0.7647058828125 0.8411016953124999 0.7647058828125 0.7987288140625 0.7614379078125 0.794491525 0.7614379078125 0.769067796875
3 0.689542484375 0.7817796609375 0.6797385625000001 0.7648305078125001 0.6797385625000001 0.75211864375 0.6732026140625 0.7351694921874999 0.6732026140625 0.7224576265625 0.6650326796875 0.7203389828125 0.65849673125 0.7372881359375001 0.6454248359375 0.7372881359375001 0.6405228765625 0.74788135625 0.6405228765625 0.7860169484374999 0.6372549015625 0.7902542375 0.6372549015625 0.7987288140625 0.64379085 0.8072033890625001 0.64379085 0.8156779656250001 0.6486928109375001 0.8220338984375 0.6552287578125 0.8220338984375 0.65849673125 0.8177966109374999 0.668300653125 0.8177966109374999 0.671568628125 0.8220338984375 0.6830065359375 0.8199152546875 0.686274509375 0.8114406781250001 0.686274509375 0.794491525 0.689542484375 0.7902542375 0.689542484375 0.7817796609375
3 0.83986928125 0.7987288140625 0.830065359375 0.7860169484374999 0.830065359375 0.7775423734375 0.8251633984375 0.771186440625 0.8218954249999999 0.771186440625 0.8088235296875 0.7881355937500001 0.8006535953125 0.7902542375 0.8006535953125 0.8114406781250001 0.7973856203125 0.8156779656250001 0.8006535953125 0.8199152546875 0.8006535953125 0.82838983125 0.8153594765625 0.8474576265625 0.8218954249999999 0.851694915625 0.830065359375 0.8495762718750001 0.83986928125 0.8453389828125 0.846405228125 0.82838983125 0.846405228125 0.8156779656250001 0.83986928125 0.7987288140625
3 0.7434640515625001 0.686440678125 0.7369281046875 0.6906779656250001 0.73039215625 0.686440678125 0.722222221875 0.7012711859375 0.722222221875 0.730932203125 0.7254901953124999 0.7351694921874999 0.7254901953124999 0.7436440671875 0.73039215625 0.75 0.7352941171875 0.74788135625 0.7483660125 0.726694915625 0.7483660125 0.7012711859375 0.7450980390625 0.6970338984375 0.7434640515625001 0.686440678125
3 0.7352941171875 0.726694915625 0.7352941171875 0.7139830515625001 0.7271241828125 0.7118644062499999 0.7254901953124999 0.7139830515625001 0.7287581703125 0.7182203390625 0.723856209375 0.7203389828125 0.7189542484375 0.6970338984375 0.7107843140625 0.6949152546875 0.6993464046875 0.7097457625 0.6993464046875 0.7351694921874999 0.69607843125 0.7394067796875 0.69607843125 0.74788135625 0.707516340625 0.7542372875 0.7140522875 0.7627118640624999 0.722222221875 0.7605932203125 0.7254901953124999 0.74788135625 0.73366013125 0.7457627125 0.741830065625 0.7351694921874999 0.7352941171875 0.726694915625
1 0.6209150328125 0.7224576265625 0.6111111109375 0.7097457625 0.6111111109375 0.705508475 0.596405228125 0.6906779656250001 0.5833333328125 0.6906779656250001 0.580065359375 0.686440678125 0.563725490625 0.686440678125 0.5571895421875 0.6906779656250001 0.545751634375 0.705508475 0.545751634375 0.726694915625 0.5588235296875 0.74788135625 0.562091503125 0.7648305078125001 0.5735294125 0.766949153125 0.5767973859375 0.771186440625 0.5947712421875 0.769067796875 0.616013071875 0.766949153125 0.62418300625 0.7563559328125 0.62418300625 0.730932203125 0.6209150328125 0.7224576265625
1 0.6111111109375 0.6546610171875 0.6111111109375 0.6334745765625 0.60620915 0.62711864375 0.5931372546875 0.6186440671875 0.5735294125 0.6144067796875 0.5702614374999999 0.6186440671875 0.5571895421875 0.6186440671875 0.5392156859375 0.6334745765625 0.5392156859375 0.641949153125 0.545751634375 0.6588983046875 0.5571895421875 0.669491525 0.563725490625 0.6737288140625 0.5735294125 0.669491525 0.5833333328125 0.6822033890625 0.6013071890624999 0.6800847453125 0.60620915 0.6737288140625 0.6176470593750001 0.66737288125 0.6176470593750001 0.6631355937500001 0.6111111109375 0.6546610171875
1 0.5130718953125 0.6207627125 0.5049019609375 0.6101694921874999 0.4983660125 0.605932203125 0.4787581703125 0.605932203125 0.4607843140625 0.625 0.4607843140625 0.6377118640624999 0.47222222187499996 0.6567796609375 0.4787581703125 0.6567796609375 0.48202614375 0.6525423734375 0.4852941171875 0.6567796609375 0.49673202656250004 0.6546610171875 0.49673202656250004 0.650423728125 0.5016339875 0.644067796875 0.5130718953125 0.6377118640624999 0.5130718953125 0.6207627125
1 0.47222222187499996 0.5762711859375 0.46568627500000004 0.5720338984375 0.44934640468750003 0.5720338984375 0.43464052343750004 0.5868644062499999 0.43464052343750004 0.603813559375 0.44607843125 0.6186440671875 0.4673202609375 0.6165254234375 0.4754901953125 0.605932203125 0.48366013125 0.603813559375 0.4771241828125 0.58262711875 0.47222222187499996 0.5762711859375
1 0.454248365625 0.561440678125 0.44607843125 0.5508474578125 0.42973856250000003 0.54661016875 0.42483660156249997 0.5529661015625 0.4150326796875 0.58262711875 0.4264705875 0.5932203390625 0.43464052343750004 0.5911016953125 0.43464052343750004 0.5868644062499999 0.44281045781249995 0.5762711859375 0.454248365625 0.5699152546875 0.454248365625 0.561440678125
3 0.542483659375 0.6970338984375 0.534313725 0.6949152546875 0.5326797390625 0.705508475 0.51960784375 0.7224576265625 0.51960784375 0.726694915625 0.5473856203125 0.7627118640624999 0.55228758125 0.7605932203125 0.5555555562500001 0.7563559328125 0.5555555562500001 0.74788135625 0.545751634375 0.726694915625 0.542483659375 0.6970338984375
2 0.61324299375 0.772624809375 0.6382457609375 0.749161903125 0.6845275749999999 0.7105171734375 0.6887833046875 0.6794633390625 0.6350539640624999 0.6152853734375 0.5898361640625 0.6118349484375 0.5334468718750001 0.622186225 0.5270632 0.591822465625 0.5254672609375 0.53454540625 0.47014194375 0.53040490625 0.42046234687500006 0.5193053609375 0.39672953906249997 0.5531777124999999 0.5488741734375 0.7733148859375001 0.61324299375 0.772624809375