1 0.4705882359375 0.7987288140625 0.46241830000000006 0.79661016875 0.44771241875 0.773305084375 0.44771241875 0.769067796875 0.43300653593750005 0.75 0.3970588234375 0.75 0.3790849671875 0.7605932203125 0.3790849671875 0.7817796609375 0.37581699375 0.7860169484374999 0.3790849671875 0.794491525 0.3790849671875 0.8241525421875 0.382352940625 0.82838983125 0.385620915625 0.8453389828125 0.3905228765625 0.851694915625 0.3970588234375 0.855932203125 0.47385620937499995 0.853813559375 0.47385620937499995 0.83262711875 0.4673202609375 0.8241525421875 0.4673202609375 0.8072033890625001 0.4705882359375 0.7987288140625
1 0.7271241828125 0.8093220343749999 0.7009803921875 0.8093220343749999 0.69771241875 0.8050847453125 0.6911764703125 0.8093220343749999 0.678104575 0.8093220343749999 0.6748366015625 0.8050847453125 0.668300653125 0.8050847453125 0.6650326796875 0.8093220343749999 0.6486928109375001 0.8093220343749999 0.6421568625 0.8135593218749999 0.6372549015625 0.8241525421875 0.6372549015625 0.8495762718750001 0.6421568625 0.855932203125 0.65849673125 0.855932203125 0.66176470625 0.8601694921874999 0.7614379078125 0.8580508468750001 0.7647058828125 0.853813559375 0.7614379078125 0.8453389828125 0.740196078125 0.8177966109374999 0.7271241828125 0.8093220343749999
1 0.4150326796875 0.6377118640624999 0.40032679687500006 0.6186440671875 0.38725490156250003 0.6186440671875 0.383986928125 0.62288135625 0.37418300625 0.62288135625 0.3709150328125 0.62711864375 0.36274509843749997 0.6292372875 0.36274509843749997 0.6631355937500001 0.3692810453125 0.67161016875 0.37254902031250003 0.6843220343749999 0.37745097968749997 0.6906779656250001 0.38725490156250003 0.6906779656250001 0.3905228765625 0.686440678125 0.41339869218749997 0.686440678125 0.4166666671875 0.6906779656250001 0.421568628125 0.688559321875 0.421568628125 0.6588983046875 0.41830065312500003 0.6546610171875 0.41830065312500003 0.646186440625 0.4150326796875 0.6377118640624999
1 0.5408496734375 0.6313559328125 0.5245098046875001 0.6313559328125 0.5212418296875 0.6355932203125 0.508169934375 0.6313559328125 0.490196078125 0.646186440625 0.490196078125 0.6546610171875 0.4869281046875 0.6588983046875 0.490196078125 0.6631355937500001 0.490196078125 0.6800847453125 0.5016339875 0.686440678125 0.509803921875 0.6970338984375 0.5114379078125 0.70338983125 0.5506535953125 0.70338983125 0.55392156875 0.70762711875 0.562091503125 0.705508475 0.5653594765625 0.6970338984375 0.5653594765625 0.66737288125 0.5588235296875 0.650423728125 0.5408496734375 0.6313559328125
3 0.58823529375 0.66737288125 0.58823529375 0.6970338984375 0.59150326875 0.705508475 0.5996732031249999 0.7118644062499999 0.614379084375 0.7097457625 0.614379084375 0.6546610171875 0.6094771234375 0.648305084375 0.6029411765625 0.648305084375 0.58823529375 0.66737288125
3 0.5032679734375 0.5911016953125 0.5130718953125 0.5911016953125 0.5130718953125 0.561440678125 0.508169934375 0.5550847453125 0.5032679734375 0.561440678125 0.5032679734375 0.5911016953125
3 0.5506535953125 0.563559321875 0.545751634375 0.5741525421875 0.545751634375 0.603813559375 0.5555555562500001 0.603813559375 0.5588235296875 0.599576271875 0.5588235296875 0.5741525421875 0.5555555562500001 0.5656779656250001 0.5506535953125 0.563559321875
3 0.349673203125 0.5487288140625 0.34640522812499996 0.5529661015625 0.34640522812499996 0.5699152546875 0.3529411765625 0.5699152546875 0.3594771234375 0.5572033890625 0.3578431375 0.5338983046875 0.349673203125 0.5360169484374999 0.349673203125 0.5487288140625
3 0.4150326796875 0.5487288140625 0.4150326796875 0.5275423734375 0.4068627453125 0.525423728125 0.4052287578125 0.5487288140625 0.4150326796875 0.5487288140625
3 0.40032679687500006 0.5127118640624999 0.3921568625 0.523305084375 0.3921568625 0.5317796609375 0.4052287578125 0.5317796609375 0.41176470624999995 0.523305084375 0.41176470624999995 0.519067796875 0.4068627453125 0.5127118640624999 0.40032679687500006 0.5127118640624999
3 0.428104575 0.5275423734375 0.428104575 0.5402542375 0.43300653593750005 0.54661016875 0.437908496875 0.544491525 0.44117647031249996 0.5402542375 0.44117647031249996 0.5275423734375 0.43300653593750005 0.516949153125 0.428104575 0.5275423734375
3 0.44607843125 0.5127118640624999 0.44444444375 0.5360169484374999 0.44934640468750003 0.54237288125 0.4509803921875 0.5402542375 0.454248365625 0.5360169484374999 0.454248365625 0.523305084375 0.4509803921875 0.5148305078125001 0.44607843125 0.5127118640624999
3 0.5032679734375 0.523305084375 0.5065359484374999 0.5063559328125 0.4983660125 0.5042372875 0.490196078125 0.523305084375 0.5032679734375 0.523305084375
3 0.527777778125 0.5 0.51960784375 0.5148305078125001 0.51960784375 0.523305084375 0.5326797390625 0.523305084375 0.5359477125 0.5148305078125001 0.5326797390625 0.5105932203125 0.5326797390625 0.50211864375 0.527777778125 0.5
3 0.5359477125 0.5148305078125001 0.544117646875 0.521186440625 0.5490196078125 0.519067796875 0.55228758125 0.5105932203125 0.544117646875 0.5 0.5408496734375 0.5 0.5359477125 0.5148305078125001
3 0.28431372499999996 0.523305084375 0.2892156859375 0.5296610171875 0.3006535953125 0.5275423734375 0.3006535953125 0.5148305078125001 0.295751634375 0.5084745765625 0.292483659375 0.5084745765625 0.28431372499999996 0.523305084375
3 0.2712418296875 0.5148305078125001 0.2875817 0.5148305078125001 0.2875817 0.5063559328125 0.2794117640625 0.49576271250000004 0.27450980468749997 0.50211864375 0.2712418296875 0.5148305078125001