3 0.6454248359375 0.62711864375 0.6111111109375 0.6927966109375 0.6176470593750001 0.7605932203125 0.6372549015625 0.7648305078125001 0.6568627453125 0.7563559328125 0.6666666671875 0.7224576265625 0.6633986921874999 0.6631355937500001 0.6454248359375 0.62711864375
3 0.7189542484375 0.7817796609375 0.7254901953124999 0.8241525421875 0.7516339875 0.8495762718750001 0.76797385625 0.773305084375 0.7516339875 0.7182203390625 0.7369281046875 0.7161016953125 0.7189542484375 0.7817796609375
3 0.8071895421875 0.8072033890625001 0.8071895421875 0.8411016953124999 0.8251633984375 0.855932203125 0.8660130718750001 0.853813559375 0.8692810453125001 0.8199152546875 0.8529411765624999 0.7987288140625 0.84150326875 0.7372881359375001 0.8071895421875 0.8072033890625001
1 0.6666666671875 0.688559321875 0.7483660125 0.7097457625 0.7712418296875 0.66737288125 0.7516339875 0.5699152546875 0.668300653125 0.563559321875 0.6666666671875 0.688559321875
3 0.6013071890624999 0.7139830515625001 0.6013071890624999 0.7012711859375 0.59150326875 0.6800847453125 0.59150326875 0.6588983046875 0.5833333328125 0.648305084375 0.5751633984375 0.6546610171875 0.562091503125 0.688559321875 0.562091503125 0.7097457625 0.55228758125 0.730932203125 0.55228758125 0.7436440671875 0.5555555562500001 0.75211864375 0.5653594765625 0.7605932203125 0.5653594765625 0.769067796875 0.5686274515624999 0.773305084375 0.5686274515624999 0.7817796609375 0.5751633984375 0.7987288140625 0.5833333328125 0.8093220343749999 0.6013071890624999 0.8072033890625001 0.6078431375 0.794491525 0.6045751640625 0.7860169484374999 0.6045751640625 0.7182203390625 0.6013071890624999 0.7139830515625001
3 0.5163568359374999 0.6706607578125 0.5384483078125 0.702859665625 0.54880371875 0.6044741359375 0.5259603890625 0.561388453125 0.5025496406250001 0.6116294359375 0.5032400203125 0.6447227875 0.5163568359374999 0.6706607578125
3 0.5004785593750001 0.6044741359375 0.5122146734374999 0.5767473171875 0.5204990031250001 0.536498665625 0.506033071875 0.50356063125 0.4873617421875 0.5490204656250001 0.4873617421875 0.5892691234375 0.5004785593750001 0.6044741359375
3 0.46457989218750007 0.5767473171875 0.4714835203125 0.5168215593750001 0.46333167656249996 0.480183428125 0.44939199375000005 0.5347098609375001 0.44663058749999995 0.54991490625 0.46457989218750007 0.5767473171875
3 0.669934640625 0.4470338984375 0.6650326796875 0.44067796562500006 0.65849673125 0.44067796562500006 0.6470588234375 0.45550847499999997 0.6503267968750001 0.4639830515625 0.64379085 0.4724576265625 0.6405228765625 0.49364406718750004 0.64379085 0.50211864375 0.651960784375 0.5084745765625 0.6666666671875 0.5063559328125 0.6732026140625 0.49788135625 0.6732026140625 0.46822033906250005 0.669934640625 0.4639830515625 0.669934640625 0.4470338984375
3 0.62418300625 0.400423728125 0.6192810453125001 0.39406779687500004 0.616013071875 0.39406779687500004 0.6045751640625 0.41313559375000003 0.6045751640625 0.43008474531249996 0.6013071890624999 0.43432203437499994 0.6013071890624999 0.46822033906250005 0.598039215625 0.4724576265625 0.598039215625 0.48093220312499996 0.6029411765625 0.48728813593750003 0.62418300625 0.48516949218749994 0.6274509796875 0.476694915625 0.6274509796875 0.41313559375000003 0.62418300625 0.4088983046875 0.62418300625 0.400423728125
3 0.846405228125 0.7182203390625 0.8496732031249999 0.7139830515625001 0.8496732031249999 0.6843220343749999 0.8431372546875 0.6758474578125 0.84150326875 0.648305084375 0.8349673203125001 0.648305084375 0.830065359375 0.6546610171875 0.828431371875 0.669491525 0.8186274515624999 0.6737288140625 0.8055555562500001 0.686440678125 0.7973856203125 0.688559321875 0.7990196078125 0.6949152546875 0.8055555562500001 0.6949152546875 0.810457515625 0.7012711859375 0.810457515625 0.7139830515625001 0.8006535953125 0.730932203125 0.8022875812500001 0.7372881359375001 0.8071895421875 0.7351694921874999 0.8153594765625 0.728813559375 0.84150326875 0.733050846875 0.846405228125 0.726694915625 0.846405228125 0.7182203390625
3 0.4787581703125 0.46186440624999997 0.47385620937499995 0.46822033906250005 0.47385620937499995 0.476694915625 0.4705882359375 0.48093220312499996 0.47385620937499995 0.48516949218749994 0.4705882359375 0.4894067796875 0.47385620937499995 0.49788135625 0.47385620937499995 0.5148305078125001 0.48039215625000004 0.523305084375 0.48039215625000004 0.5275423734375 0.48366013125 0.5275423734375 0.49346405156250006 0.5105932203125 0.49346405156250006 0.4639830515625 0.48856209218749996 0.45762711874999995 0.4787581703125 0.46186440624999997
3 0.578431371875 0.8241525421875 0.578431371875 0.8114406781250001 0.571895425 0.7987288140625 0.571895425 0.7902542375 0.5669934640625 0.7838983046875 0.5571895421875 0.7838983046875 0.5490196078125 0.794491525 0.5490196078125 0.8029661015625 0.5392156859375 0.8241525421875 0.5392156859375 0.8368644062499999 0.5359477125 0.8411016953124999 0.5359477125 0.853813559375 0.5408496734375 0.8601694921874999 0.562091503125 0.8580508468750001 0.5767973859375 0.855932203125 0.581699346875 0.8495762718750001 0.581699346875 0.82838983125 0.578431371875 0.8241525421875
3 0.48366013125 0.66737288125 0.490196078125 0.6588983046875 0.490196078125 0.650423728125 0.4705882359375 0.625 0.4705882359375 0.6207627125 0.46568627500000004 0.6144067796875 0.4591503265625 0.6101694921874999 0.44934640468750003 0.6101694921874999 0.437908496875 0.6334745765625 0.43464052343750004 0.6588983046875 0.437908496875 0.6631355937500001 0.437908496875 0.67161016875 0.44607843125 0.6822033890625 0.4526143796875 0.6822033890625 0.4591503265625 0.6906779656250001 0.46405228750000005 0.688559321875 0.46568627500000004 0.6822033890625 0.4787581703125 0.6779661015625 0.48366013125 0.67161016875 0.48366013125 0.66737288125
3 0.419706575 0.7744127875 0.42661014374999995 0.8110838265625 0.440417340625 0.782462534375 0.456986 0.7413195124999999 0.45353421562499996 0.6983876109375 0.42632380000000003 0.6598187875 0.41556446718749995 0.6867602125000001 0.41832587187500003 0.7296920765625 0.419706575 0.7744127875
3 0.27473115312499996 0.8298664921875 0.27127936875 0.8244999921874999 0.2636854484375 0.782462534375 0.2636854484375 0.7645742328125 0.231795225 0.716416228125 0.2015530921875 0.7690462874999999 0.22157350625 0.8361273515625 0.27473115312499996 0.8298664921875
3 0.23330962031250002 0.631306546875 0.244355353125 0.55528136875 0.21471466718749999 0.49986949531249997 0.2077663359375 0.5508093140625 0.2077663359375 0.5991076734375 0.23330962031250002 0.631306546875
3 0.2754215328125 0.6214679921874999 0.289228728125 0.60984066875 0.28784802656249997 0.5695920515624999 0.27259878125000003 0.5257074578125 0.2602336640625 0.568697571875 0.26299506875 0.5937411781249999 0.2754215328125 0.6214679921874999
3 0.2926805125 0.737741821875 0.2968226796875 0.6420395375 0.2754455390625 0.61798589375 0.2560914703125 0.6608222031250001 0.267827584375 0.6724496390625 0.2926805125 0.737741821875
3 0.2381421375 0.7171703468749999 0.2395228953125 0.6769217328125 0.209021146875 0.6241377921875 0.1794616203125 0.7118038140625 0.20431452343749998 0.761891059375 0.2381421375 0.7171703468749999
3 0.3410056171875 0.8048228859375 0.3637875234375 0.7422138765625 0.3582645984375 0.6813937875 0.32098523125 0.63667311875 0.3057973296875 0.7153814656249999 0.31546236250000004 0.7833568984375 0.3410056171875 0.8048228859375
3 0.393472940625 0.7296920765625 0.3976150484375 0.650089321875 0.3684396890625 0.587226415625 0.3534321109375 0.6518780937499999 0.3610260625 0.6912323046875 0.393472940625 0.7296920765625
3 0.304416628125 0.5964244625 0.307868415625 0.519504846875 0.289679340625 0.4863353265625 0.27473115312499996 0.5302378015625 0.287157646875 0.55528136875 0.304416628125 0.5964244625
3 0.3831175296875 0.5463372546875 0.3727621765625 0.5803249703125 0.3831175296875 0.6304121390625 0.4149367609375 0.668431440625 0.421087278125 0.6178903390625 0.419706575 0.588374678125 0.3983054875 0.55259811875 0.3831175296875 0.5463372546875
3 0.3396249734375 0.5839026234375 0.35205135 0.6205735890625 0.3637875234375 0.5847970296875 0.3637875234375 0.5320266109375 0.350410209375 0.51094290625 0.3354827484375 0.5266601140625 0.3320309640625 0.553492559375 0.3396249734375 0.5839026234375
3 0.2857768859375 0.50072214375 0.287157646875 0.46941763906249995 0.270700940625 0.439580915625 0.2602336640625 0.4729952921875 0.2650661203125 0.5230824625 0.2857768859375 0.50072214375
3 0.32098523125 0.5096662546874999 0.3320309640625 0.5445484109375001 0.343767078125 0.523976903125 0.35205135 0.4783617875 0.33522749375 0.4518847078125 0.31753344375000003 0.46494558125 0.3161526859375 0.4926724359375 0.32098523125 0.5096662546874999
3 0.25125895468750004 0.45689587343750004 0.2733504515625 0.44974053437499995 0.2933708359375 0.4560014328125 0.2947515984375 0.4363243265625 0.2740408296875 0.4139639703125 0.265007421875 0.3928265078125 0.245736084375 0.4229081234375 0.2450457359375 0.44526847500000005 0.25125895468750004 0.45689587343750004
3 0.2056952546875 0.39786451718750004 0.189848428125 0.3578218890625 0.15598939218750002 0.38087067812500003 0.1539183109375 0.396075690625 0.1573701234375 0.4211193140625 0.185674840625 0.42559136875 0.20707598749999998 0.42469692812500004 0.2056952546875 0.39786451718750004
3 0.41487402968750003 0.5758528765625 0.42730052343749997 0.572275225 0.4279909046875 0.55796461875 0.42453906249999995 0.5454428140625 0.423158359375 0.5373931062499999 0.40829432343749994 0.49986949531249997 0.38587899375 0.5391819156250001 0.3976150484375 0.54991490625 0.41487402968750003 0.5758528765625
3 0.3872596921875 0.5275545546875 0.3900210984375 0.50072214375 0.38173682656249996 0.484622690625 0.37128644843749997 0.46295811875000004 0.36309714375 0.50072214375 0.37345249687500004 0.5123495046875 0.3872596921875 0.5275545546875
3 0.44594020937499995 0.5186104031250001 0.44939199375000005 0.47388969531249997 0.4396086796875 0.45680622499999995 0.41280300625 0.48104500000000006 0.4279909046875 0.5060886390625 0.44594020937499995 0.5186104031250001
3 0.31546236250000004 0.44705728437500003 0.323746634375 0.4381131359375 0.324437015625 0.40233659375 0.31814693437499997 0.3854442328125 0.30372624843749996 0.411280725 0.30372624843749996 0.434535521875 0.31546236250000004 0.44705728437500003
3 0.3513610296875 0.4586846828125 0.357574275 0.41933047031250004 0.350410209375 0.3879049921875 0.3375538328125 0.41933047031250004 0.3396249734375 0.4390075765625 0.3513610296875 0.4586846828125
3 0.42246803593750004 0.4676287921875 0.4259198234375 0.45063493593750004 0.42453906249999995 0.42559136875 0.41873244062500004 0.41620371250000004 0.40520905625000003 0.42827458125 0.40935116406249994 0.44974053437499995 0.42246803593750004 0.4676287921875
1 0.48366013125 0.400423728125 0.48366013125 0.391949153125 0.4754901953125 0.37711864375 0.4689542484375 0.37288135625 0.4526143796875 0.37288135625 0.44934640468750003 0.37711864375 0.44281045781249995 0.37711864375 0.43464052343750004 0.391949153125 0.43464052343750004 0.40466101718749997 0.43137254843750006 0.4088983046875 0.43464052343750004 0.41737288125000005 0.43464052343750004 0.43008474531249996 0.44607843125 0.4491525421875 0.4673202609375 0.4470338984375 0.4852941171875 0.44491525468750004 0.491830065625 0.44067796562500006 0.49346405156250006 0.41737288125000005 0.48366013125 0.400423728125
1 0.651960784375 0.3177966109375 0.64379085 0.31991525468750004 0.64379085 0.3241525421875 0.6486928109375001 0.33050847499999997 0.6666666671875 0.32838983125 0.6732026140625 0.31991525468750004 0.668300653125 0.313559321875 0.6552287578125 0.313559321875 0.651960784375 0.3177966109375
3 0.581699346875 0.391949153125 0.578431371875 0.3834745765625 0.5669934640625 0.3686440671875 0.563725490625 0.3686440671875 0.5555555562500001 0.3834745765625 0.5555555562500001 0.41313559375000003 0.5588235296875 0.41737288125000005 0.5588235296875 0.43432203437499994 0.5669934640625 0.436440678125 0.5702614374999999 0.44067796562500006 0.5751633984375 0.438559321875 0.578431371875 0.43432203437499994 0.578431371875 0.42161016875 0.581699346875 0.41737288125000005 0.581699346875 0.391949153125
3 0.5931372546875 0.3644067796875 0.5767973859375 0.3644067796875 0.5751633984375 0.375 0.581699346875 0.3834745765625 0.5849673203125 0.400423728125 0.598039215625 0.400423728125 0.6013071890624999 0.396186440625 0.598039215625 0.3877118640625 0.598039215625 0.37076271250000004 0.5931372546875 0.3644067796875
3 0.3366013078125 0.8114406781250001 0.321895425 0.79661016875 0.312091503125 0.79661016875 0.2875817 0.8241525421875 0.2892156859375 0.855932203125 0.312091503125 0.855932203125 0.31535947656249996 0.8601694921874999 0.3431372546875 0.8580508468750001 0.3545751640625 0.855932203125 0.35620915000000003 0.8495762718750001 0.3431372546875 0.82838983125 0.3366013078125 0.8114406781250001
3 0.4052287578125 0.8072033890625001 0.40032679687500006 0.8008474578125 0.3970588234375 0.8050847453125 0.3921568625 0.8029661015625 0.3888888890625 0.7775423734375 0.3807189546875 0.766949153125 0.37745097968749997 0.771186440625 0.367647059375 0.771186440625 0.3611111109375 0.775423728125 0.3529411765625 0.7860169484374999 0.3529411765625 0.8072033890625001 0.35620915000000003 0.8114406781250001 0.3594771234375 0.82838983125 0.366013071875 0.8368644062499999 0.366013071875 0.853813559375 0.3986928109375 0.853813559375 0.40196078437500005 0.8453389828125 0.40196078437500005 0.83262711875 0.4052287578125 0.82838983125 0.4052287578125 0.8072033890625001
3 0.475625628125 0.8414938515625 0.475625628125 0.8236055515625 0.466178434375 0.7951604953125 0.44179804218749996 0.855804534375 0.4997882359375 0.851332478125 0.475625628125 0.8414938515625