3 0.47385620937499995 0.7182203390625 0.5065359484374999 0.726694915625 0.51633986875 0.6546610171875 0.48856209218749996 0.6101694921874999 0.47385620937499995 0.641949153125 0.47385620937499995 0.7182203390625
3 0.43464052343750004 0.57838983125 0.46405228750000005 0.5656779656250001 0.455882353125 0.478813559375 0.43464052343750004 0.5105932203125 0.43464052343750004 0.57838983125
3 0.3366013078125 0.6843220343749999 0.3594771234375 0.6970338984375 0.37254902031250003 0.6377118640624999 0.3447712421875 0.5932203390625 0.3267973859375 0.646186440625 0.3366013078125 0.6843220343749999
3 0.421568628125 0.853813559375 0.4673202609375 0.853813559375 0.4673202609375 0.773305084375 0.439542484375 0.6949152546875 0.4150326796875 0.75211864375 0.421568628125 0.853813559375
3 0.1764705875 0.7224576265625 0.20588235312499997 0.7563559328125 0.20915032656250002 0.646186440625 0.17810457500000001 0.6101694921874999 0.1633986921875 0.6588983046875 0.1764705875 0.7224576265625
3 0.3513071890625 0.5974576265625 0.330065359375 0.6165254234375 0.330065359375 0.67161016875 0.30392156875 0.74788135625 0.310457515625 0.8114406781250001 0.3333333328125 0.82838983125 0.3529411765625 0.8072033890625001 0.3692810453125 0.6800847453125 0.3692810453125 0.6292372875 0.3513071890625 0.5974576265625
3 0.707516340625 0.7627118640624999 0.686274509375 0.769067796875 0.7026143796875 0.8411016953124999 0.689542484375 0.853813559375 0.722222221875 0.853813559375 0.7352941171875 0.8495762718750001 0.7549019609375 0.7817796609375 0.723856209375 0.728813559375 0.707516340625 0.7627118640624999
3 0.784313725 0.688559321875 0.7908496734375 0.7775423734375 0.8333333328125001 0.7987288140625 0.8202614374999999 0.75211864375 0.8333333328125001 0.688559321875 0.8055555562500001 0.6398305078125001 0.784313725 0.688559321875
3 0.741830065625 0.726694915625 0.7745098046875001 0.730932203125 0.7810457515625 0.688559321875 0.759803921875 0.6737288140625 0.741830065625 0.6970338984375 0.741830065625 0.726694915625
3 0.66013071875 0.6758474578125 0.7091503265625 0.6758474578125 0.7124183000000001 0.603813559375 0.6911764703125 0.563559321875 0.6666666671875 0.608050846875 0.66013071875 0.6758474578125
3 0.62418300625 0.5741525421875 0.633986928125 0.608050846875 0.6633986921874999 0.561440678125 0.66176470625 0.5127118640624999 0.6372549015625 0.5275423734375 0.62418300625 0.5741525421875
3 0.578431371875 0.6800847453125 0.58823529375 0.6800847453125 0.6209150328125 0.6588983046875 0.60620915 0.5932203390625 0.5751633984375 0.625 0.578431371875 0.6800847453125
3 0.534313725 0.5042372875 0.59150326875 0.5105932203125 0.59150326875 0.476694915625 0.5767973859375 0.46186440624999997 0.5294117640625 0.4724576265625 0.534313725 0.5042372875
3 0.2434640515625 0.483050846875 0.2908496734375 0.48516949218749994 0.2859477125 0.44067796562500006 0.2630718953125 0.41949152500000003 0.23856209218750002 0.43008474531249996 0.2434640515625 0.483050846875
3 0.598039215625 0.48516949218749994 0.62418300625 0.50211864375 0.669934640625 0.4894067796875 0.6486928109375001 0.45762711874999995 0.6094771234375 0.4491525421875 0.598039215625 0.48516949218749994
1 0.3235294125 0.391949153125 0.3349673203125 0.4237288140625 0.4150326796875 0.43008474531249996 0.437908496875 0.40466101718749997 0.419934640625 0.3686440671875 0.364379084375 0.3644067796875 0.3235294125 0.391949153125
3 0.509803921875 0.4597457625 0.542483659375 0.4639830515625 0.5555555562500001 0.438559321875 0.5310457515625 0.4110169484375 0.509803921875 0.43008474531249996 0.509803921875 0.4597457625
3 0.4754901953125 0.4025423734375 0.5065359484374999 0.400423728125 0.509803921875 0.37923728749999996 0.4983660125 0.3686440671875 0.4705882359375 0.375 0.4754901953125 0.4025423734375
3 0.6764705875 0.4639830515625 0.6993464046875 0.46822033906250005 0.7254901953124999 0.438559321875 0.7140522875 0.398305084375 0.6764705875 0.42161016875 0.6764705875 0.4639830515625
3 0.6100947125 0.7956509359374999 0.615134290625 0.8174146953125 0.6285731140624999 0.8163265640624999 0.6352925984375 0.7934744874999999 0.639492221875 0.7575641734375 0.6403321046875 0.7129484328125 0.624373490625 0.67812625 0.6064305562500001 0.67553016875 0.5865768078125 0.7216538609375001 0.5899364765625 0.7717106828125 0.6100947125 0.7956509359374999