3 0.55228758125 0.7775423734375 0.5555555562500001 0.773305084375 0.5555555562500001 0.7224576265625 0.55228758125 0.7182203390625 0.55228758125 0.7097457625 0.5408496734375 0.6949152546875 0.5310457515625 0.6949152546875 0.5130718953125 0.7182203390625 0.5130718953125 0.726694915625 0.509803921875 0.730932203125 0.509803921875 0.75211864375 0.5065359484374999 0.7563559328125 0.5065359484374999 0.773305084375 0.51633986875 0.7902542375 0.51633986875 0.8114406781250001 0.5228758171875 0.8199152546875 0.526143790625 0.83262711875 0.5375816999999999 0.8474576265625 0.542483659375 0.8453389828125 0.545751634375 0.8411016953124999 0.5490196078125 0.8156779656250001 0.55228758125 0.8114406781250001 0.55228758125 0.7775423734375
3 0.64379085 0.7860169484374999 0.6405228765625 0.7775423734375 0.6307189546874999 0.769067796875 0.6307189546874999 0.74788135625 0.62581699375 0.7415254234375 0.616013071875 0.7415254234375 0.6078431375 0.75211864375 0.6078431375 0.7648305078125001 0.598039215625 0.7817796609375 0.598039215625 0.8072033890625001 0.6013071890624999 0.8114406781250001 0.5947712421875 0.8241525421875 0.5947712421875 0.83262711875 0.58823529375 0.8453389828125 0.58823529375 0.853813559375 0.6503267968750001 0.853813559375 0.653594771875 0.8495762718750001 0.653594771875 0.8199152546875 0.64379085 0.8029661015625 0.64379085 0.7860169484374999
3 0.509803921875 0.8029661015625 0.509803921875 0.7902542375 0.5049019609375 0.7838983046875 0.49509803906250005 0.7838983046875 0.490196078125 0.7902542375 0.490196078125 0.8114406781250001 0.47385620937499995 0.83262711875 0.47385620937499995 0.853813559375 0.526143790625 0.853813559375 0.5294117640625 0.8368644062499999 0.526143790625 0.82838983125 0.5130718953125 0.8114406781250001 0.509803921875 0.8029661015625
3 0.44771241875 0.7860169484374999 0.44444444375 0.7817796609375 0.44771241875 0.726694915625 0.44281045781249995 0.7161016953125 0.43300653593750005 0.7118644062499999 0.43137254843750006 0.705508475 0.4232026140625 0.6991525421875 0.4166666671875 0.6991525421875 0.41176470624999995 0.705508475 0.41176470624999995 0.7139830515625001 0.4052287578125 0.7224576265625 0.3986928109375 0.7394067796875 0.3954248359375 0.7817796609375 0.3790849671875 0.8072033890625001 0.382352940625 0.8199152546875 0.3888888890625 0.82838983125 0.385620915625 0.8368644062499999 0.38725490156250003 0.851694915625 0.4068627453125 0.851694915625 0.41013071874999996 0.855932203125 0.41830065312500003 0.853813559375 0.44607843125 0.851694915625 0.4509803921875 0.8453389828125 0.44771241875 0.8411016953124999 0.44771241875 0.7860169484374999
3 0.2647058828125 0.8156779656250001 0.26960784375 0.8135593218749999 0.2810457515625 0.794491525 0.27450980468749997 0.7817796609375 0.2712418296875 0.7648305078125001 0.2467320265625 0.728813559375 0.24019607812500002 0.728813559375 0.23529411718749998 0.7394067796875 0.23856209218750002 0.7436440671875 0.22875817031249998 0.7563559328125 0.2189542484375 0.7817796609375 0.2189542484375 0.8156779656250001 0.222222221875 0.8199152546875 0.2189542484375 0.8453389828125 0.2271241828125 0.855932203125 0.2434640515625 0.855932203125 0.2467320265625 0.8601694921874999 0.2549019609375 0.8580508468750001 0.259803921875 0.855932203125 0.26797385625 0.8453389828125 0.2647058828125 0.8411016953124999 0.2647058828125 0.8156779656250001
3 0.350754515625 0.854065190625 0.364941728125 0.8231084781250001 0.3529946015625 0.7940865046875001 0.3246070421875 0.769552678125 0.30744635625 0.8337498609375 0.317153340625 0.8550326187499999 0.350754515625 0.854065190625
3 0.23202614375000002 0.6927966109375 0.222222221875 0.66737288125 0.2254901953125 0.6588983046875 0.2189542484375 0.650423728125 0.215686275 0.6334745765625 0.20588235312499997 0.6207627125 0.20588235312499997 0.6122881359375001 0.187908496875 0.5932203390625 0.18464052343749998 0.5932203390625 0.1797385625 0.603813559375 0.1797385625 0.6122881359375001 0.17320261406249998 0.6207627125 0.17320261406249998 0.650423728125 0.1764705875 0.6546610171875 0.1764705875 0.6758474578125 0.17320261406249998 0.6800847453125 0.17320261406249998 0.7012711859375 0.16993464062500002 0.705508475 0.16993464062500002 0.7139830515625001 0.17810457500000001 0.7161016953125 0.18464052343749998 0.7118644062499999 0.18954248437500001 0.7182203390625 0.18954248437500001 0.726694915625 0.19771241875 0.7372881359375001 0.1993464046875 0.7351694921874999 0.223856209375 0.733050846875 0.22875817031249998 0.726694915625 0.22875817031249998 0.7012711859375 0.23202614375000002 0.6927966109375
3 0.7712418296875 0.5656779656250001 0.76797385625 0.5402542375 0.7630718953125 0.5296610171875 0.7565359484374999 0.5296610171875 0.7516339875 0.544491525 0.741830065625 0.5572033890625 0.741830065625 0.5741525421875 0.73202614375 0.5953389828125 0.73202614375 0.625 0.7369281046875 0.6313559328125 0.7434640515625001 0.6313559328125 0.7467320265625 0.6355932203125 0.7516339875 0.6334745765625 0.758169934375 0.6165254234375 0.7647058828125 0.608050846875 0.7647058828125 0.5741525421875 0.7712418296875 0.5656779656250001
3 0.1764705875 0.5953389828125 0.1813725484375 0.5932203390625 0.18954248437500001 0.58262711875 0.18954248437500001 0.5741525421875 0.1928104578125 0.5699152546875 0.1928104578125 0.5487288140625 0.1797385625 0.5317796609375 0.1797385625 0.523305084375 0.168300653125 0.5042372875 0.16176470625 0.5042372875 0.1568627453125 0.5105932203125 0.1568627453125 0.5402542375 0.1405228765625 0.5572033890625 0.133986928125 0.5741525421875 0.133986928125 0.6207627125 0.13888888906250002 0.62711864375 0.1470588234375 0.625 0.15849673125 0.605932203125 0.168300653125 0.605932203125 0.1748366015625 0.601694915625 0.1764705875 0.5953389828125
3 0.2745918921875 0.7553905765625 0.306699703125 0.7902169156250001 0.31939342187499997 0.7524883734375 0.3201402 0.717662034375 0.3201402 0.6934770765625 0.2989482484375 0.6431287578125 0.2738452390625 0.658650775 0.2745918921875 0.6954118890625 0.2745918921875 0.7553905765625
3 0.350754515625 0.7215316234375 0.3641950125 0.7389447921875 0.37688873125 0.7263686390624999 0.3918225984375 0.6818683890624999 0.3925693109375 0.6557485765625 0.3677138140625 0.632482534375 0.350754515625 0.658650775 0.34702106875 0.67606390625 0.350754515625 0.7215316234375
3 0.415716790625 0.7157273015625 0.4455844578125 0.6692921562499999 0.43811755625000004 0.6286614953125 0.4210841046875 0.5978823046875 0.403023009375 0.6538137578125001 0.40600980781249996 0.6838031234375 0.415716790625 0.7157273015625
3 0.2738452390625 0.6334984703125001 0.2865390203125 0.604476453125 0.2910191234375 0.5493347843749999 0.279447565625 0.5100509484375 0.2611514578125 0.5309542281249999 0.2611514578125 0.6112482453125 0.2738452390625 0.6334984703125001
3 0.451557990625 0.6567159625000001 0.45603815625 0.6354332031250001 0.45902489218750003 0.5725523171875 0.44161114062499995 0.5499742921874999 0.426170428125 0.5802914953125 0.4321440234375 0.6141504453125 0.451557990625 0.6567159625000001
3 0.3985429078125 0.652846415625 0.4142233625 0.6170526484375001 0.41272999375 0.582226309375 0.3964516640625 0.5499742921874999 0.3821156140625 0.5841611234374999 0.385849065625 0.627694025 0.3985429078125 0.652846415625
3 0.344780984375 0.6731617453125 0.3567280515625 0.6547811484375 0.3544879671875 0.6315636140625001 0.358968134375 0.5851285078124999 0.343081371875 0.551305071875 0.32238021875 0.5909328734375 0.3298471203125 0.6325310046875 0.344780984375 0.6731617453125
3 0.4306505953125 0.5725523171875 0.44483774218749994 0.5473999703125 0.44707782656250006 0.50773665625 0.43237397343749995 0.49142005468749994 0.41646344375 0.5058018390625 0.415716790625 0.537725978125 0.4306505953125 0.5725523171875
3 0.358968134375 0.5725523171875 0.37539536562500003 0.5957698890625001 0.3813688984375 0.5541717578124999 0.37539536562500003 0.5222476234375 0.36155570312499996 0.4860969453125 0.35000786562499997 0.504834453125 0.34926115 0.528052025 0.358968134375 0.5725523171875
3 0.3261136703125 0.587063284375 0.3410475328125 0.5473999703125 0.3395541671875 0.5338563890625 0.3215279875 0.49940472500000005 0.317153340625 0.527084596875 0.3134198890625 0.5725523171875 0.3261136703125 0.587063284375
3 0.267124990625 0.5193454187500001 0.28429887656249997 0.504834453125 0.2872856734375 0.46420373281250005 0.27842121249999996 0.43685815312500004 0.26637827812500003 0.4593667375 0.26040480781249997 0.502899678125 0.267124990625 0.5193454187500001
3 0.3029661890625 0.5145084453125001 0.3201402 0.4951604625 0.3261136703125 0.46420373281250005 0.31536987656250004 0.4421812671875 0.306699703125 0.457431940625 0.2999794546875 0.48838866875000003 0.3029661890625 0.5145084453125001
3 0.3933159640625 0.4912908734375 0.4037696640625 0.4622689359375 0.399289559375 0.43518179687499997 0.3923462546875 0.41556570312499996 0.38510235000000004 0.433247 0.38510235000000004 0.469040728125 0.3933159640625 0.4912908734375
3 0.37614214375 0.5009648640625 0.37987559531250004 0.471942928125 0.374898278125 0.4408504875 0.364941728125 0.469040728125 0.364941728125 0.49225830156250006 0.37614214375 0.5009648640625
3 0.35971485 0.4622689359375 0.3679284640625 0.41583383124999995 0.359503 0.39959636875000004 0.34926115 0.43518179687499997 0.34776778125 0.4632363640625 0.35971485 0.4622689359375
3 0.465745140625 0.44775797031250003 0.457006415625 0.42754270781250003 0.4485712546875 0.4680733609375 0.46051832031249995 0.48161691875 0.465745140625 0.44775797031250003
3 0.6290849671875 0.39406779687500004 0.6127450984375 0.39406779687500004 0.6045751640625 0.41737288125000005 0.6045751640625 0.4427966109375 0.6127450984375 0.45338983125 0.62581699375 0.4491525421875 0.635620915625 0.45762711874999995 0.6372549015625 0.45550847499999997 0.6405228765625 0.4512711859375 0.6405228765625 0.41737288125000005 0.633986928125 0.4088983046875 0.6290849671875 0.39406779687500004
3 0.5032679734375 0.43432203437499994 0.5032679734375 0.4258474578125 0.49509803906250005 0.4152542375 0.48856209218749996 0.4152542375 0.4869281046875 0.4258474578125 0.48366013125 0.43008474531249996 0.48366013125 0.48516949218749994 0.509803921875 0.48516949218749994 0.51633986875 0.48093220312499996 0.51633986875 0.4597457625 0.509803921875 0.4427966109375 0.5032679734375 0.43432203437499994
3 0.545751634375 0.42161016875 0.5408496734375 0.4152542375 0.5310457515625 0.4152542375 0.5212418296875 0.4025423734375 0.51797385625 0.4025423734375 0.5032679734375 0.4258474578125 0.5032679734375 0.43432203437499994 0.51797385625 0.45762711874999995 0.5245098046875001 0.46186440624999997 0.534313725 0.46186440624999997 0.5375816999999999 0.4661016953125 0.542483659375 0.4639830515625 0.5473856203125 0.46186440624999997 0.55228758125 0.4512711859375 0.545751634375 0.43432203437499994 0.545751634375 0.42161016875
3 0.46241830000000006 0.37711864375 0.4607843140625 0.37076271250000004 0.4526143796875 0.3601694921875 0.44281045781249995 0.3686440671875 0.43464052343750004 0.37076271250000004 0.43464052343750004 0.3877118640625 0.44281045781249995 0.398305084375 0.4526143796875 0.398305084375 0.455882353125 0.4025423734375 0.4607843140625 0.400423728125 0.46568627500000004 0.398305084375 0.4705882359375 0.3877118640625 0.4689542484375 0.37711864375 0.46241830000000006 0.37711864375
3 0.34150326875000003 0.3644067796875 0.3349673203125 0.3644067796875 0.328431371875 0.35593220312499996 0.30882352968750004 0.351694915625 0.30555555624999997 0.35593220312499996 0.292483659375 0.3601694921875 0.28431372499999996 0.37076271250000004 0.28431372499999996 0.3877118640625 0.2892156859375 0.39406779687500004 0.30228758125 0.39406779687500004 0.30555555624999997 0.398305084375 0.312091503125 0.398305084375 0.32516339843750003 0.40677966093749995 0.330065359375 0.40466101718749997 0.34640522812499996 0.400423728125 0.34640522812499996 0.37923728749999996 0.3431372546875 0.375 0.34150326875000003 0.3644067796875
3 0.3807189546875 0.3898305078125 0.385620915625 0.3834745765625 0.3790849671875 0.358050846875 0.37418300625 0.351694915625 0.3709150328125 0.35593220312499996 0.364379084375 0.3432203390625 0.3611111109375 0.3432203390625 0.35620915000000003 0.349576271875 0.35620915000000003 0.3665254234375 0.3529411765625 0.37076271250000004 0.35620915000000003 0.391949153125 0.3594771234375 0.400423728125 0.36274509843749997 0.400423728125 0.36274509843749997 0.391949153125 0.367647059375 0.3813559328125 0.37418300625 0.37711864375 0.3807189546875 0.3898305078125
3 0.42483660156249997 0.349576271875 0.419934640625 0.3347457625 0.4166666671875 0.3347457625 0.4150326796875 0.3411016953125 0.4052287578125 0.353813559375 0.4052287578125 0.3665254234375 0.40849673124999997 0.375 0.41830065312500003 0.375 0.4264705875 0.37288135625 0.43137254843750006 0.3665254234375 0.43137254843750006 0.358050846875 0.42483660156249997 0.349576271875
1 0.5947712421875 0.625 0.5686274515624999 0.544491525 0.5408496734375 0.5 0.527777778125 0.49576271250000004 0.5212418296875 0.48728813593750003 0.4787581703125 0.49152542343750005 0.46405228750000005 0.519067796875 0.46405228750000005 0.5741525421875 0.4705882359375 0.6122881359375001 0.490196078125 0.66737288125 0.5049019609375 0.6822033890625 0.51797385625 0.6779661015625 0.5245098046875001 0.6822033890625 0.527777778125 0.6779661015625 0.544117646875 0.686440678125 0.562091503125 0.6843220343749999 0.5833333328125 0.6779661015625 0.5947712421875 0.6631355937500001 0.598039215625 0.650423728125 0.5947712421875 0.625
3 0.556094915625 0.3974532546875 0.5516147484375 0.369398728125 0.5278246859375 0.35568069062499996 0.4963595203125 0.40615983906249997 0.5045731375 0.4080946359375 0.556094915625 0.3974532546875