3 0.545751634375 0.7775423734375 0.58823529375 0.853813559375 0.5947712421875 0.7224576265625 0.560457515625 0.6567796609375 0.5392156859375 0.7012711859375 0.545751634375 0.7775423734375
3 0.48039215625000004 0.853813559375 0.5228758171875 0.8580508468750001 0.5359477125 0.83262711875 0.5049019609375 0.7627118640624999 0.48039215625000004 0.8029661015625 0.48039215625000004 0.853813559375
3 0.41176470624999995 0.75211864375 0.437908496875 0.730932203125 0.4264705875 0.6737288140625 0.3921568625 0.7182203390625 0.41176470624999995 0.75211864375
3 0.46405228750000005 0.6631355937500001 0.46405228750000005 0.726694915625 0.49346405156250006 0.769067796875 0.5130718953125 0.75211864375 0.51633986875 0.7224576265625 0.48202614375 0.6313559328125 0.46405228750000005 0.6631355937500001
3 0.3431372546875 0.853813559375 0.385620915625 0.853813559375 0.3921568625 0.82838983125 0.37581699375 0.7775423734375 0.3447712421875 0.7627118640624999 0.3431372546875 0.853813559375
3 0.25326797343749996 0.5720338984375 0.22875817031249998 0.5699152546875 0.23202614375000002 0.625 0.2549019609375 0.6334745765625 0.3202614375 0.6122881359375001 0.3169934640625 0.5868644062499999 0.276143790625 0.5296610171875 0.25326797343749996 0.5720338984375
3 0.171568628125 0.5974576265625 0.16013071875 0.6377118640624999 0.1633986921875 0.7012711859375 0.186274509375 0.726694915625 0.215686275 0.7139830515625001 0.2124183 0.650423728125 0.19607843125 0.6122881359375001 0.171568628125 0.5974576265625
3 0.222222221875 0.7224576265625 0.215686275 0.8029661015625 0.23202614375000002 0.8114406781250001 0.2434640515625 0.855932203125 0.3006535953125 0.853813559375 0.2810457515625 0.8199152546875 0.27450980468749997 0.730932203125 0.24019607812500002 0.686440678125 0.222222221875 0.7224576265625
3 0.40196078437500005 0.688559321875 0.41830065312500003 0.57838983125 0.39379084999999997 0.54237288125 0.3790849671875 0.6122881359375001 0.40196078437500005 0.688559321875
3 0.44444444375 0.5572033890625 0.4509803921875 0.6292372875 0.4607843140625 0.6334745765625 0.48039215625000004 0.608050846875 0.48039215625000004 0.561440678125 0.46568627500000004 0.5296610171875 0.44444444375 0.5572033890625
3 0.614379084375 0.48516949218749994 0.62418300625 0.4512711859375 0.6094771234375 0.4152542375 0.598039215625 0.4639830515625 0.614379084375 0.48516949218749994
3 0.5392156859375 0.46822033906250005 0.5588235296875 0.48516949218749994 0.5653594765625 0.4427966109375 0.55392156875 0.4152542375 0.5392156859375 0.43432203437499994 0.5392156859375 0.46822033906250005
3 0.421568628125 0.5572033890625 0.43137254843750006 0.49364406718750004 0.4166666671875 0.44067796562500006 0.40849673124999997 0.476694915625 0.421568628125 0.5572033890625
3 0.40849673124999997 0.544491525 0.41176470624999995 0.49364406718750004 0.40032679687500006 0.46186440624999997 0.382352940625 0.5317796609375 0.40849673124999997 0.544491525
3 0.22875817031249998 0.523305084375 0.23856209218750002 0.523305084375 0.2483660125 0.5063559328125 0.24019607812500002 0.436440678125 0.222222221875 0.4724576265625 0.22875817031249998 0.523305084375
3 0.3202614375 0.5402542375 0.349673203125 0.5741525421875 0.3692810453125 0.49788135625 0.3545751640625 0.45338983125 0.3202614375 0.4894067796875 0.3202614375 0.5402542375
3 0.4052287578125 0.37923728749999996 0.39379084999999997 0.3686440671875 0.3986928109375 0.41737288125000005 0.4052287578125 0.37923728749999996
1 0.51797385625 0.44491525468750004 0.4787581703125 0.4491525421875 0.46405228750000005 0.5148305078125001 0.48366013125 0.57838983125 0.5392156859375 0.5911016953125 0.5555555562500001 0.5741525421875 0.5588235296875 0.5402542375 0.5326797390625 0.4597457625 0.51797385625 0.44491525468750004
1 0.43464052343750004 0.43008474531249996 0.44117647031249996 0.4724576265625 0.46405228750000005 0.4724576265625 0.49346405156250006 0.43432203437499994 0.4754901953125 0.398305084375 0.44934640468750003 0.398305084375 0.43464052343750004 0.43008474531249996
1 0.421568628125 0.400423728125 0.437908496875 0.41313559375000003 0.47385620937499995 0.396186440625 0.4591503265625 0.35593220312499996 0.421568628125 0.3665254234375 0.421568628125 0.400423728125