3 0.7859477125 0.8050847453125 0.776143790625 0.8050847453125 0.76960784375 0.8177966109374999 0.7549019609375 0.8199152546875 0.758169934375 0.8241525421875 0.7549019609375 0.82838983125 0.7516339875 0.8453389828125 0.759803921875 0.8601694921874999 0.7875816999999999 0.8580508468750001 0.7990196078125 0.855932203125 0.8039215687500001 0.8495762718750001 0.8039215687500001 0.8411016953124999 0.7859477125 0.8050847453125
3 0.651960784375 0.6525423734375 0.6421568625 0.648305084375 0.633986928125 0.6631355937500001 0.633986928125 0.6927966109375 0.6421568625 0.70338983125 0.653594771875 0.7012711859375 0.653594771875 0.6758474578125 0.6568627453125 0.67161016875 0.6568627453125 0.6588983046875 0.651960784375 0.6525423734375
3 0.349673203125 0.6970338984375 0.349673203125 0.6843220343749999 0.34640522812499996 0.6758474578125 0.34150326875000003 0.669491525 0.33823529375 0.669491525 0.330065359375 0.6843220343749999 0.330065359375 0.7139830515625001 0.3333333328125 0.7182203390625 0.3333333328125 0.726694915625 0.33823529375 0.728813559375 0.3447712421875 0.7415254234375 0.349673203125 0.7394067796875 0.349673203125 0.730932203125 0.3529411765625 0.726694915625 0.3529411765625 0.7012711859375 0.349673203125 0.6970338984375
3 0.3594771234375 0.641949153125 0.3545751640625 0.6355932203125 0.3513071890625 0.6355932203125 0.3431372546875 0.646186440625 0.3431372546875 0.67161016875 0.3513071890625 0.6906779656250001 0.3578431375 0.6949152546875 0.36274509843749997 0.6927966109375 0.366013071875 0.688559321875 0.36274509843749997 0.6800847453125 0.36274509843749997 0.650423728125 0.3594771234375 0.641949153125
3 0.366013071875 0.6207627125 0.366013071875 0.6334745765625 0.36274509843749997 0.6377118640624999 0.366013071875 0.6546610171875 0.37418300625 0.6652542375 0.385620915625 0.6631355937500001 0.385620915625 0.6377118640624999 0.37581699375 0.6122881359375001 0.3709150328125 0.6101694921874999 0.366013071875 0.6207627125
3 0.31535947656249996 0.605932203125 0.3071895421875 0.6207627125 0.310457515625 0.6546610171875 0.31535947656249996 0.6610169484374999 0.3267973859375 0.6588983046875 0.3267973859375 0.6207627125 0.3202614375 0.6122881359375001 0.3202614375 0.608050846875 0.31535947656249996 0.605932203125
3 0.580065359375 0.62288135625 0.5767973859375 0.62288135625 0.5686274515624999 0.6377118640624999 0.5686274515624999 0.6631355937500001 0.5767973859375 0.6737288140625 0.58823529375 0.67161016875 0.58823529375 0.641949153125 0.5849673203125 0.6377118640624999 0.5849673203125 0.6292372875 0.580065359375 0.62288135625
3 0.5294117640625 0.6165254234375 0.534313725 0.62711864375 0.545751634375 0.625 0.545751634375 0.599576271875 0.5375816999999999 0.5974576265625 0.5326797390625 0.603813559375 0.5294117640625 0.6165254234375
3 0.41339869218749997 0.54661016875 0.4052287578125 0.5529661015625 0.4052287578125 0.5656779656250001 0.41339869218749997 0.580508475 0.41830065312500003 0.57838983125 0.421568628125 0.5699152546875 0.421568628125 0.5572033890625 0.41830065312500003 0.5487288140625 0.41339869218749997 0.54661016875
3 0.421568628125 0.5699152546875 0.4264705875 0.5762711859375 0.43137254843750006 0.5741525421875 0.43137254843750006 0.5487288140625 0.4264705875 0.54661016875 0.421568628125 0.5572033890625 0.421568628125 0.5699152546875
3 0.3447712421875 0.5296610171875 0.3513071890625 0.5296610171875 0.3545751640625 0.5338983046875 0.36274509843749997 0.5317796609375 0.366013071875 0.523305084375 0.3611111109375 0.516949153125 0.3431372546875 0.519067796875 0.3447712421875 0.5296610171875
3 0.321895425 0.5127118640624999 0.3169934640625 0.519067796875 0.3169934640625 0.5317796609375 0.321895425 0.5381355937500001 0.328431371875 0.5381355937500001 0.33169934687499997 0.54237288125 0.3366013078125 0.5402542375 0.3431372546875 0.5317796609375 0.33986928125000004 0.519067796875 0.33169934687499997 0.5127118640624999 0.321895425 0.5127118640624999
3 0.490196078125 0.561440678125 0.4983660125 0.563559321875 0.508169934375 0.5720338984375 0.5130718953125 0.5699152546875 0.5130718953125 0.5572033890625 0.5049019609375 0.54661016875 0.49509803906250005 0.5508474578125 0.490196078125 0.561440678125
2 0.4689542484375 0.5338983046875 0.455882353125 0.54237288125 0.44444444375 0.561440678125 0.48039215625000004 0.561440678125 0.48366013125 0.5529661015625 0.4787581703125 0.54661016875 0.4754901953125 0.54661016875 0.4689542484375 0.5338983046875
2 0.49346405156250006 0.5148305078125001 0.49346405156250006 0.523305084375 0.5065359484374999 0.523305084375 0.5065359484374999 0.5105932203125 0.5016339875 0.5042372875 0.4983660125 0.5042372875 0.49346405156250006 0.5148305078125001
2 0.5408496734375 0.5084745765625 0.5359477125 0.5148305078125001 0.5359477125 0.5275423734375 0.5408496734375 0.5338983046875 0.55228758125 0.5317796609375 0.5555555562500001 0.5275423734375 0.55228758125 0.5148305078125001 0.5473856203125 0.5084745765625 0.5408496734375 0.5084745765625
2 0.5555555562500001 0.523305084375 0.5571895421875 0.5296610171875 0.5751633984375 0.5275423734375 0.5751633984375 0.523305084375 0.5669934640625 0.5127118640624999 0.560457515625 0.5127118640624999 0.5555555562500001 0.523305084375
4 0.1111111109375 0.4470338984375 0.114379084375 0.4427966109375 0.1094771234375 0.436440678125 0.09640522812499999 0.436440678125 0.09477124218750001 0.48093220312499996 0.09150326875 0.48516949218749994 0.09150326875 0.49364406718750004 0.09477124218750001 0.49788135625 0.09477124218750001 0.5148305078125001 0.10294117656249999 0.521186440625 0.1045751640625 0.519067796875 0.1078431375 0.5105932203125 0.1078431375 0.4894067796875 0.1111111109375 0.48516949218749994 0.1111111109375 0.4470338984375
4 0.150326796875 0.48516949218749994 0.150326796875 0.4724576265625 0.12581699375 0.47033898281250003 0.12418300625 0.5148305078125001 0.1486928109375 0.516949153125 0.151960784375 0.521186440625 0.16013071875 0.519067796875 0.1633986921875 0.5105932203125 0.1568627453125 0.5063559328125 0.16013071875 0.49788135625 0.150326796875 0.48516949218749994
4 0.5130718953125 0.5741525421875 0.49509803906250005 0.563559321875 0.4591503265625 0.563559321875 0.454248365625 0.5699152546875 0.454248365625 0.5911016953125 0.4509803921875 0.5953389828125 0.454248365625 0.6292372875 0.47222222187499996 0.648305084375 0.49346405156250006 0.646186440625 0.49509803906250005 0.6398305078125001 0.5049019609375 0.6355932203125 0.5130718953125 0.625 0.5130718953125 0.5741525421875
1 0.45751634062499996 0.5699152546875 0.455882353125 0.563559321875 0.44607843125 0.563559321875 0.439542484375 0.5720338984375 0.428104575 0.57838983125 0.428104575 0.5953389828125 0.43300653593750005 0.601694915625 0.439542484375 0.605932203125 0.4509803921875 0.603813559375 0.4509803921875 0.5953389828125 0.454248365625 0.5911016953125 0.454248365625 0.5741525421875 0.45751634062499996 0.5699152546875
1 0.5506535953125 0.6313559328125 0.544117646875 0.62711864375 0.51797385625 0.62711864375 0.4983660125 0.6398305078125001 0.49346405156250006 0.646186440625 0.49346405156250006 0.6631355937500001 0.49673202656250004 0.67161016875 0.5016339875 0.6779661015625 0.5049019609375 0.6779661015625 0.5212418296875 0.6991525421875 0.5310457515625 0.6991525421875 0.534313725 0.6949152546875 0.5571895421875 0.6949152546875 0.560457515625 0.6991525421875 0.5686274515624999 0.6970338984375 0.571895425 0.6758474578125 0.5686274515624999 0.67161016875 0.5653594765625 0.650423728125 0.5506535953125 0.6313559328125
1 0.2647058828125 0.5063559328125 0.2647058828125 0.5148305078125001 0.26960784375 0.521186440625 0.3006535953125 0.519067796875 0.310457515625 0.5105932203125 0.2990196078125 0.5 0.26960784375 0.5 0.2647058828125 0.5063559328125
1 0.455882353125 0.5127118640624999 0.4526143796875 0.5084745765625 0.42973856250000003 0.5084745765625 0.421568628125 0.5148305078125001 0.4232026140625 0.5296610171875 0.4591503265625 0.5296610171875 0.46241830000000006 0.5338983046875 0.46405228750000005 0.5317796609375 0.47385620937499995 0.5275423734375 0.47385620937499995 0.523305084375 0.46568627500000004 0.5127118640624999 0.455882353125 0.5127118640624999
1 0.3186274515625 0.54237288125 0.3071895421875 0.5572033890625 0.3071895421875 0.5741525421875 0.312091503125 0.580508475 0.321895425 0.580508475 0.32516339843750003 0.5847457625 0.3594771234375 0.58262711875 0.3594771234375 0.5656779656250001 0.35620915000000003 0.5572033890625 0.3447712421875 0.54661016875 0.3186274515625 0.54237288125