3 0.8027716312500001 0.8192567421874999 0.8465678984375 0.8564644031249999 0.873850996875 0.8592549828125 0.873133003125 0.8248378984375 0.8630813078124999 0.7997228093750001 0.8666711640625 0.751352834375 0.856878078125 0.691329915625 0.8027716312500001 0.7364698015625 0.8027716312500001 0.7690264828125 0.8027716312500001 0.8192567421874999
3 0.7424618296875 0.6918206609374999 0.7704628046875001 0.704843334375 0.78625821875 0.693681021875 0.789130078125 0.628567690625 0.7826683625 0.596011046875 0.7680591796875 0.5902419625 0.7438977 0.6090337203125 0.7395899671875 0.634148846875 0.7424618296875 0.6918206609374999
3 0.70512715625 0.704843334375 0.7245124281249999 0.7411207375 0.72594841875 0.715075428125 0.715178790625 0.693681021875 0.7202046375 0.6685658890624999 0.707859703125 0.6183930375 0.6728183921875 0.6713564703125 0.6799981046875 0.69275091875 0.70512715625 0.704843334375
3 0.6950755843749999 0.8304190546875001 0.713742859375 0.8257681187499999 0.713742859375 0.7839095171875 0.7123069281250001 0.7364698015625 0.683187784375 0.691329915625 0.6627667578125 0.7225169453125 0.6627667578125 0.756003809375 0.6484072750000001 0.7783283609375 0.6950755843749999 0.8304190546875001
3 0.6799981046875 0.5885695296875 0.6893318625 0.5420599921875 0.6871778765625 0.5029919703125 0.6733190203125 0.4827560375 0.6620487640625 0.5262467375 0.6728183921875 0.5429902078125 0.6799981046875 0.5885695296875
3 0.6692285359375 0.6248469328125 0.6749723796875 0.61368465625 0.6713825234375 0.5541524453125 0.6545683625 0.519864275 0.641945496875 0.571826096875 0.6534331796874999 0.6062431390625 0.6692285359375 0.6248469328125
3 0.5988671015625 0.69554141875 0.6046108859375 0.6815885640625 0.6110726640624999 0.63786960625 0.5884476234375 0.5953603390625 0.5751739796875001 0.6360092453124999 0.570866128125 0.663914953125 0.5988671015625 0.69554141875
3 0.5730200562500001 0.7680962671875 0.6003030953125 0.791351034375 0.6082008 0.71972636875 0.5825263625 0.6670176234375 0.557942634375 0.6974018562500001 0.56081455625 0.7318188609375 0.5730200562500001 0.7680962671875
3 0.5076844671875 0.8620454828125 0.5285057281250001 0.8490228859375 0.5385573625 0.8071642875 0.5270698 0.753213271875 0.499628721875 0.706685046875 0.481119484375 0.76623590625 0.481119484375 0.8211171015625001 0.5076844671875 0.8620454828125
3 0.5033766765625 0.7215867671875 0.53496750625 0.7550735937499999 0.539275296875 0.7122848515625 0.529941659375 0.6620545546875001 0.5183793796875 0.623511415625 0.5012227515625 0.659263975 0.4969148984375 0.7011225765625 0.5033766765625 0.7215867671875
3 0.4129119765625 0.84809266875 0.4330153046875 0.791351034375 0.4287073921875 0.7587943890625 0.40488856249999994 0.706685046875 0.3806032125 0.7671661234375 0.38921885624999997 0.81739638125 0.4129119765625 0.84809266875
3 0.31957547656249996 0.85274360625 0.3403966796875 0.8546039656250001 0.3461404609375 0.8397209328124999 0.3447045296875 0.8006529484374999 0.321990921875 0.7617076015625 0.298754215625 0.8043737453125 0.298754215625 0.8555342625 0.31957547656249996 0.85274360625
3 0.62581699375 0.5338983046875 0.635620915625 0.5338983046875 0.6405228765625 0.5275423734375 0.6405228765625 0.5148305078125001 0.635620915625 0.5084745765625 0.62581699375 0.5084745765625 0.6192810453125001 0.5 0.6029411765625 0.5 0.59150326875 0.5148305078125001 0.5947712421875 0.5402542375 0.59150326875 0.544491525 0.58823529375 0.5656779656250001 0.60620915 0.580508475 0.614379084375 0.57838983125 0.614379084375 0.5741525421875 0.6209150328125 0.5656779656250001 0.6209150328125 0.5402542375 0.62581699375 0.5338983046875
3 0.635620915625 0.4279661015625 0.6290849671875 0.4279661015625 0.6176470593750001 0.4427966109375 0.6176470593750001 0.4512711859375 0.614379084375 0.45550847499999997 0.6176470593750001 0.4639830515625 0.6176470593750001 0.49364406718750004 0.62581699375 0.5084745765625 0.6405228765625 0.5063559328125 0.6405228765625 0.49788135625 0.64379085 0.49364406718750004 0.64379085 0.43432203437499994 0.635620915625 0.4279661015625
3 0.562091503125 0.3834745765625 0.5571895421875 0.37711864375 0.55228758125 0.3877118640625 0.55228758125 0.396186440625 0.545751634375 0.400423728125 0.542483659375 0.41313559375000003 0.55392156875 0.436440678125 0.562091503125 0.43432203437499994 0.5653594765625 0.4258474578125 0.5653594765625 0.396186440625 0.562091503125 0.391949153125 0.562091503125 0.3834745765625
3 0.5751633984375 0.400423728125 0.5833333328125 0.4152542375 0.59150326875 0.41313559375000003 0.59150326875 0.37923728749999996 0.5833333328125 0.37711864375 0.578431371875 0.3834745765625 0.5751633984375 0.400423728125
3 0.4380410921875 0.75786425 0.43947702343749995 0.7299585421875 0.44234888281250007 0.6750772281249999 0.41870483593749996 0.64014614375 0.4100401171875 0.6834490046874999 0.4150659640625 0.7178660078125 0.4380410921875 0.75786425
3 0.21475132343749997 0.8546039656250001 0.2499321015625 0.8518133859375 0.2484961078125 0.7894906734375 0.2193557484375 0.7629871984375 0.2018278 0.792281215625 0.20254579375 0.8285586953124999 0.21475132343749997 0.8546039656250001
3 0.2398804046875 0.749492475 0.2513679703125 0.8015831312499999 0.27434309843750004 0.8462323093749999 0.28583072187499997 0.740190559375 0.2706733359375 0.67085640625 0.2535219578125 0.6601942328125 0.2405984015625 0.69554141875 0.2398804046875 0.749492475
3 0.30880585 0.749492475 0.3296270484375 0.7839095171875 0.3403966796875 0.706703771875 0.3210040453125 0.6478237078125 0.300908140625 0.67600740625 0.297318284375 0.7122848515625 0.30880585 0.749492475
3 0.3533201734375 0.7429811359375 0.37485943125 0.7857699578124999 0.3806032125 0.7690264828125 0.38850091875000003 0.693681021875 0.366400371875 0.6439849234375 0.35188424218750003 0.6741470890625 0.350448371875 0.7057735125 0.3533201734375 0.7429811359375
3 0.21259739843749997 0.749492475 0.21475132343749997 0.6992621781249999 0.20757158125 0.6499621015625 0.1828413109375 0.6350277625 0.167365078125 0.659263975 0.173108859375 0.7318188609375 0.1975199765625 0.8034435296875 0.21259739843749997 0.749492475
3 0.49045312343749997 0.6453111234375 0.5033766765625 0.6257771109375 0.5084024640625 0.5736864578125 0.49173370937499994 0.540337784375 0.476811634375 0.5829883734375 0.475375703125 0.6174054531250001 0.49045312343749997 0.6453111234375
3 0.26141960468750003 0.5894997453124999 0.2757790875 0.6053129187499999 0.29085650625000004 0.5699656984375 0.2944463625 0.5215958015625 0.27560771875 0.49939076718750003 0.2571118140625 0.5429902078125 0.2585476828125 0.555082665625 0.26141960468750003 0.5894997453124999
3 0.10705530781249999 0.5950808265624999 0.18100656875 0.5727562749999999 0.1795706375 0.5429902078125 0.1587494046875 0.5011316484375 0.131523725 0.48659482187499997 0.0955677453125 0.555082665625 0.094131784375 0.57554685625 0.10705530781249999 0.5950808265624999
3 0.1975199765625 0.5476411484375 0.20972550625 0.5336882921874999 0.21475132343749997 0.472295703125 0.1986313359375 0.454604965625 0.18316049375000001 0.48159759687500003 0.18316049375000001 0.519735440625 0.1975199765625 0.5476411484375
3 0.088388003125 0.51601464375 0.1400820984375 0.47880702187499996 0.130536846875 0.4149375375 0.11208112343750001 0.4369484578125 0.09484978125 0.470435321875 0.088388003125 0.51601464375
3 0.3425506046875 0.596011046875 0.3547561640625 0.5401995937499999 0.333833440625 0.519864275 0.318857484375 0.546710928125 0.318857484375 0.5727562749999999 0.3425506046875 0.596011046875
3 0.29085650625000004 0.4220654453125 0.28367679687499997 0.399740834375 0.2765945953125 0.3803884921875 0.2621375984375 0.41555406718750004 0.2621375984375 0.4564824484375 0.29085650625000004 0.4220654453125
3 0.3368068234375 0.4769466390625 0.3346528984375 0.45927304687500003 0.3200171703125 0.4302926734375 0.310241778125 0.47880702187499996 0.32531925781250004 0.506712728125 0.3368068234375 0.4769466390625
3 0.21475132343749997 0.6192658140625 0.2377264796875 0.5736864578125 0.2441882578125 0.5095033046874999 0.2272507609375 0.48915401249999996 0.2090075421875 0.5439203515625 0.20757158125 0.5625241828124999 0.21475132343749997 0.6192658140625
3 0.390654846875 0.5634543609375 0.39137278124999997 0.49927121249999995 0.3821903984375 0.4763580671875 0.369115646875 0.5122938859375 0.379885215625 0.536478834375 0.390654846875 0.5634543609375
3 0.3633718078125 0.5401995937499999 0.36552573125 0.47322591875000003 0.354557853125 0.454604965625 0.3454224640625 0.49648066875 0.350448371875 0.51601464375 0.3633718078125 0.5401995937499999
3 0.28654865625000003 0.4862485546875 0.297318284375 0.444389975 0.2844896078125 0.42517429218749997 0.2736251640625 0.44345979687500003 0.27218923125 0.4713655046875 0.28654865625000003 0.4862485546875
3 0.3235294125 0.375 0.3235294125 0.40466101718749997 0.328431371875 0.4110169484375 0.3333333328125 0.4088983046875 0.33986928125000004 0.396186440625 0.33986928125000004 0.358050846875 0.3349673203125 0.351694915625 0.3235294125 0.375
3 0.44163094843749995 0.6685658890624999 0.4574263625 0.71972636875 0.467477996875 0.6694961484374999 0.46388814062500006 0.6118242578124999 0.4473242578125 0.5940807453125 0.4315793140625 0.6174054531250001 0.4272714609375 0.63321866875 0.44163094843749995 0.6685658890624999
3 0.548608996875 0.4890391140625 0.5622504875 0.4862485546875 0.5658403437499999 0.4546221109375 0.556867571875 0.44052942812499996 0.54358315 0.45927304687500003 0.53999329375 0.472295703125 0.548608996875 0.4890391140625
3 0.4157838984375 0.5532222671875 0.4236816046875 0.5132240640625 0.40982294374999995 0.49171319843749994 0.3992704875 0.5122938859375 0.40286034375 0.5336882921874999 0.4157838984375 0.5532222671875
3 0.471067853125 0.5727562749999999 0.475375703125 0.5234561609374999 0.45719302656250005 0.49683157656250004 0.45240051562500005 0.5243863765625 0.4552724375 0.5522921234375 0.471067853125 0.5727562749999999
3 0.7517954078125 0.4564824484375 0.7618471015625 0.4276465421875 0.7532313984375001 0.41648426718750003 0.7493085234375 0.3983028140625 0.7237945515625 0.4248559828125 0.713742859375 0.4564824484375 0.7517954078125 0.4564824484375
3 0.7144609156249999 0.4397390375 0.7216406890625 0.4099729328125 0.7009515656249999 0.3906252453125 0.6799981046875 0.4220654453125 0.6828700265625 0.44252959687500004 0.7144609156249999 0.4397390375
3 0.54430114375 0.6006619828125 0.557224640625 0.5885695296875 0.562968421875 0.5522921234375 0.546011928125 0.519864275 0.5292236671875 0.5504316859375 0.5285057281250001 0.5699656984375 0.54430114375 0.6006619828125
0 0.5127103140625 0.48531835624999997 0.5127103140625 0.3895087796875 0.5105563890625 0.3569521140625 0.480401490625 0.31695389375 0.41475732968749995 0.31768836875 0.4100401171875 0.4769466390625 0.4287073921875 0.5076429453125 0.4983508296875 0.5029919703125 0.5127103140625 0.48531835624999997