3 0.8088235296875 0.6144067796875 0.8039215687500001 0.641949153125 0.777777778125 0.6631355937500001 0.7908496734375 0.688559321875 0.7745098046875001 0.7182203390625 0.8071895421875 0.769067796875 0.8333333328125001 0.74788135625 0.8235294124999999 0.7097457625 0.830065359375 0.6546610171875 0.8088235296875 0.6144067796875
3 0.6307189546874999 0.7097457625 0.653594771875 0.773305084375 0.6666666671875 0.7775423734375 0.6732026140625 0.688559321875 0.6454248359375 0.6737288140625 0.6307189546874999 0.6843220343749999 0.6307189546874999 0.7097457625
3 0.5767973859375 0.5677966109375 0.5555555562500001 0.603813559375 0.55228758125 0.650423728125 0.5686274515624999 0.688559321875 0.5653594765625 0.730932203125 0.6013071890624999 0.773305084375 0.614379084375 0.6970338984375 0.59150326875 0.6292372875 0.5947712421875 0.57838983125 0.5767973859375 0.5677966109375
3 0.1568627453125 0.650423728125 0.1568627453125 0.7182203390625 0.1764705875 0.74788135625 0.1993464046875 0.7097457625 0.1993464046875 0.6546610171875 0.1813725484375 0.6144067796875 0.1568627453125 0.650423728125
3 0.22875817031249998 0.8453389828125 0.27777777812500004 0.8580508468750001 0.2908496734375 0.8411016953124999 0.2614379078125 0.75211864375 0.24019607812500002 0.7415254234375 0.22875817031249998 0.8453389828125
3 0.3921568625 0.7351694921874999 0.3921568625 0.7902542375 0.4068627453125 0.8347457625000001 0.428104575 0.83262711875 0.437908496875 0.7394067796875 0.42483660156249997 0.6970338984375 0.41013071874999996 0.6906779656250001 0.3921568625 0.7351694921874999
3 0.3594771234375 0.853813559375 0.3692810453125 0.83262711875 0.33823529375 0.7415254234375 0.3235294125 0.8495762718750001 0.3594771234375 0.853813559375
3 0.3529411765625 0.6377118640624999 0.3692810453125 0.7224576265625 0.3921568625 0.730932203125 0.4052287578125 0.6970338984375 0.3986928109375 0.646186440625 0.364379084375 0.5974576265625 0.3529411765625 0.6377118640624999
3 0.222222221875 0.7224576265625 0.2483660125 0.7351694921874999 0.2647058828125 0.6800847453125 0.23692810468749997 0.6313559328125 0.222222221875 0.6546610171875 0.222222221875 0.7224576265625
3 0.16993464062500002 0.608050846875 0.1993464046875 0.6207627125 0.2026143796875 0.561440678125 0.187908496875 0.5508474578125 0.1666666671875 0.57838983125 0.16993464062500002 0.608050846875
3 0.49673202656250004 0.561440678125 0.490196078125 0.726694915625 0.5228758171875 0.726694915625 0.5326797390625 0.7224576265625 0.5359477125 0.646186440625 0.5114379078125 0.525423728125 0.49673202656250004 0.561440678125
3 0.3986928109375 0.6122881359375001 0.40196078437500005 0.6631355937500001 0.41013071874999996 0.6822033890625 0.44117647031249996 0.6843220343749999 0.45751634062499996 0.6207627125 0.44934640468750003 0.5974576265625 0.41339869218749997 0.5762711859375 0.3986928109375 0.6122881359375001
3 0.2614379078125 0.5868644062499999 0.2614379078125 0.6588983046875 0.27777777812500004 0.6631355937500001 0.294117646875 0.646186440625 0.2908496734375 0.5868644062499999 0.2728758171875 0.5677966109375 0.2614379078125 0.5868644062499999
3 0.32088200625 0.7544554625 0.34943164375 0.714250809375 0.34943164375 0.6772624953124999 0.339501340625 0.6515315640625 0.31502478749999996 0.6241600968750001 0.2991594578125 0.6643970125 0.3035039484375 0.7005812125 0.31343425156250004 0.7383736109375 0.32088200625 0.7544554625
3 0.338290725 0.6324634109375 0.3436189515625 0.60090610625 0.339813065625 0.5644178984375 0.3225346859375 0.547078475 0.3124106140625 0.5949890890625 0.31469415624999997 0.6255602421875001 0.31926124218749996 0.6373942718750001 0.338290725 0.6324634109375
3 0.350469578125 0.6078092749999999 0.35655900625000003 0.5841412546875 0.36264843125 0.5515977546874999 0.36264843125 0.53286059375 0.351830084375 0.5090937671875 0.33372364062500004 0.54469458125 0.339813065625 0.56540409375 0.350469578125 0.6078092749999999
3 0.20356200625 0.55357010625 0.2157408625 0.5861135671875 0.2172632640625 0.5752657328125 0.2324868 0.5486392875 0.23096446093749998 0.515109584375 0.21686200625000002 0.4806052328125 0.20660675468749998 0.5032755546875001 0.1997561234375 0.53877760625 0.20356200625 0.55357010625
3 0.2859477125 0.49152542343750005 0.2810457515625 0.49788135625 0.2810457515625 0.5402542375 0.2859477125 0.54661016875 0.2875817 0.544491525 0.30392156875 0.5275423734375 0.3006535953125 0.5063559328125 0.292483659375 0.49152542343750005 0.2859477125 0.49152542343750005
3 0.1830065359375 0.5105932203125 0.1797385625 0.5063559328125 0.1797385625 0.4894067796875 0.17320261406249998 0.48093220312499996 0.16993464062500002 0.4639830515625 0.1650326796875 0.45762711874999995 0.16176470625 0.45762711874999995 0.1568627453125 0.4639830515625 0.1568627453125 0.4724576265625 0.1470588234375 0.48516949218749994 0.1470588234375 0.5360169484374999 0.150326796875 0.5402542375 0.15359477187499998 0.5572033890625 0.1633986921875 0.5572033890625 0.1764705875 0.5402542375 0.1797385625 0.523305084375 0.1830065359375 0.519067796875 0.1830065359375 0.5105932203125
3 0.20915032656250002 0.438559321875 0.20588235312499997 0.43432203437499994 0.20588235312499997 0.41737288125000005 0.20098039218750002 0.4152542375 0.19444444375 0.4025423734375 0.187908496875 0.4025423734375 0.1764705875 0.42161016875 0.1764705875 0.4512711859375 0.18464052343749998 0.4661016953125 0.18954248437500001 0.4639830515625 0.20098039218750002 0.45762711874999995 0.20588235312499997 0.4512711859375 0.20588235312499997 0.4427966109375 0.20915032656250002 0.438559321875
3 0.27450980468749997 0.4894067796875 0.27450980468749997 0.48093220312499996 0.26960784375 0.474576271875 0.2630718953125 0.474576271875 0.258169934375 0.48093220312499996 0.258169934375 0.5360169484374999 0.2630718953125 0.54237288125 0.26797385625 0.5402542375 0.2728758171875 0.5381355937500001 0.27777777812500004 0.5275423734375 0.27777777812500004 0.49364406718750004 0.27450980468749997 0.4894067796875
5 0.758169934375 0.608050846875 0.7549019609375 0.5402542375 0.73039215625 0.5042372875 0.7009803921875 0.474576271875 0.651960784375 0.4661016953125 0.6225490203125 0.47033898281250003 0.614379084375 0.48093220312499996 0.6111111109375 0.50211864375 0.6013071890624999 0.523305084375 0.598039215625 0.561440678125 0.62418300625 0.641949153125 0.62418300625 0.67161016875 0.6323529406249999 0.6779661015625 0.65849673125 0.669491525 0.6732026140625 0.6843220343749999 0.6748366015625 0.6949152546875 0.73202614375 0.6970338984375 0.7467320265625 0.6949152546875 0.7549019609375 0.6800847453125 0.7549019609375 0.6122881359375001 0.758169934375 0.608050846875
3 0.387767340625 0.5683626015625001 0.3969015125 0.5338467875 0.391573225 0.508206415625 0.3853105390625 0.475178846875 0.3763496890625 0.5042617500000001 0.37863323125 0.5397637625 0.387767340625 0.5683626015625001
3 0.32154478750000004 0.5456807375 0.3291565515625 0.5377914109375 0.3352459796875 0.5141234328125 0.32671974531250003 0.475178846875 0.3131718171875 0.49637242343750004 0.31393302031250003 0.529902084375 0.32154478750000004 0.5456807375
3 0.24314331406249998 0.47862141874999997 0.2583669125 0.460870415625 0.2583669125 0.4381885671875 0.2524349875 0.40734900781250005 0.2362927484375 0.43621623749999994 0.2370539515625 0.45593955468749997 0.24314331406249998 0.47862141874999997
3 0.2819634796875 0.45199488906249996 0.29033651250000003 0.44213323281249994 0.29490353593749996 0.41254823749999997 0.2848691765625 0.3937830375 0.27435165 0.4155067671875 0.27435165 0.447064071875 0.2819634796875 0.45199488906249996
3 0.5095560031249999 0.47862141874999997 0.5156454312500001 0.461856571875 0.5118395453125 0.44213323281249994 0.502492128125 0.418201784375 0.4958548109375 0.45495344062500004 0.5011830328125 0.467773584375 0.5095560031249999 0.47862141874999997
3 0.4060356859375 0.5269435765625 0.410602709375 0.5052479062499999 0.40908036562500005 0.48157988593749995 0.3999582359375 0.45482989375000005 0.387006203125 0.48552458906249996 0.39081208749999996 0.5091926109375 0.4060356859375 0.5269435765625
3 0.3276342125 0.47467675781249996 0.3360071828125 0.447064071875 0.3256734796875 0.42362816875 0.310127071875 0.45298106718750003 0.3169777 0.47369055937500004 0.3276342125 0.47467675781249996
1 0.563725490625 0.733050846875 0.55392156875 0.728813559375 0.48202614375 0.733050846875 0.47385620937499995 0.7394067796875 0.4673202609375 0.7605932203125 0.454248365625 0.769067796875 0.4509803921875 0.7860169484374999 0.454248365625 0.7902542375 0.44771241875 0.794491525 0.44444444375 0.8072033890625001 0.44607843125 0.855932203125 0.4852941171875 0.855932203125 0.48856209218749996 0.8601694921874999 0.6078431375 0.8580508468750001 0.6176470593750001 0.853813559375 0.6111111109375 0.8199152546875 0.5751633984375 0.7436440671875 0.563725490625 0.733050846875
1 0.509803921875 0.523305084375 0.5065359484374999 0.5148305078125001 0.5065359484374999 0.50211864375 0.49346405156250006 0.46822033906250005 0.48202614375 0.45338983125 0.4526143796875 0.45338983125 0.44444444375 0.4597457625 0.44444444375 0.4724576265625 0.44117647031249996 0.476694915625 0.44117647031249996 0.5360169484374999 0.4526143796875 0.5508474578125 0.46241830000000006 0.5508474578125 0.4689542484375 0.5677966109375 0.47222222187499996 0.563559321875 0.48202614375 0.5720338984375 0.48366013125 0.5699152546875 0.49673202656250004 0.5656779656250001 0.49673202656250004 0.5487288140625 0.5032679734375 0.5317796609375 0.509803921875 0.523305084375