3 0.382352940625 0.769067796875 0.382352940625 0.75211864375 0.37745097968749997 0.7457627125 0.37418300625 0.7457627125 0.3709150328125 0.7372881359375001 0.364379084375 0.7372881359375001 0.3529411765625 0.75211864375 0.3529411765625 0.7648305078125001 0.35620915000000003 0.769067796875 0.35620915000000003 0.7902542375 0.36274509843749997 0.7902542375 0.36274509843749997 0.7817796609375 0.367647059375 0.775423728125 0.37745097968749997 0.775423728125 0.382352940625 0.769067796875
3 0.382352940625 0.82838983125 0.37418300625 0.8177966109374999 0.3709150328125 0.8177966109374999 0.3594771234375 0.8368644062499999 0.3594771234375 0.853813559375 0.364379084375 0.8601694921874999 0.385620915625 0.8580508468750001 0.3888888890625 0.853813559375 0.385620915625 0.8495762718750001 0.385620915625 0.8368644062499999 0.382352940625 0.82838983125
3 0.367647059375 0.6610169484374999 0.3594771234375 0.67161016875 0.3594771234375 0.688559321875 0.36274509843749997 0.6927966109375 0.36274509843749997 0.7182203390625 0.3709150328125 0.728813559375 0.3790849671875 0.726694915625 0.382352940625 0.7224576265625 0.382352940625 0.6758474578125 0.37418300625 0.6610169484374999 0.367647059375 0.6610169484374999
3 0.295751634375 0.6398305078125001 0.292483659375 0.6398305078125001 0.2875817 0.650423728125 0.2875817 0.6800847453125 0.294117646875 0.6970338984375 0.3006535953125 0.6970338984375 0.3071895421875 0.6843220343749999 0.3071895421875 0.6588983046875 0.30392156875 0.650423728125 0.295751634375 0.6398305078125001
3 0.3578431375 0.6186440671875 0.349673203125 0.6292372875 0.349673203125 0.6546610171875 0.35620915000000003 0.67161016875 0.3594771234375 0.67161016875 0.3692810453125 0.6588983046875 0.3692810453125 0.6292372875 0.3611111109375 0.6186440671875 0.3578431375 0.6186440671875
3 0.313725490625 0.6334745765625 0.3186274515625 0.6398305078125001 0.3267973859375 0.6377118640624999 0.3267973859375 0.608050846875 0.3186274515625 0.5932203390625 0.313725490625 0.599576271875 0.313725490625 0.6334745765625
3 0.2810457515625 0.603813559375 0.2810457515625 0.5868644062499999 0.2728758171875 0.5762711859375 0.26633986875 0.5762711859375 0.2647058828125 0.608050846875 0.26797385625 0.6122881359375001 0.26797385625 0.6207627125 0.2728758171875 0.6313559328125 0.2810457515625 0.6292372875 0.28431372499999996 0.625 0.2810457515625 0.6207627125 0.28431372499999996 0.6122881359375001 0.2810457515625 0.603813559375
3 0.328431371875 0.5550847453125 0.3267973859375 0.5656779656250001 0.3235294125 0.5699152546875 0.3235294125 0.58262711875 0.33169934687499997 0.5974576265625 0.3366013078125 0.5953389828125 0.33986928125000004 0.5699152546875 0.3366013078125 0.561440678125 0.33169934687499997 0.5550847453125 0.328431371875 0.5550847453125
3 0.295751634375 0.54661016875 0.2908496734375 0.5529661015625 0.2908496734375 0.5741525421875 0.294117646875 0.58262711875 0.2973856203125 0.58262711875 0.30392156875 0.57838983125 0.30392156875 0.5529661015625 0.2990196078125 0.54661016875 0.295751634375 0.54661016875
3 0.2614379078125 0.561440678125 0.2614379078125 0.58262711875 0.2647058828125 0.58262711875 0.2712418296875 0.5741525421875 0.2712418296875 0.561440678125 0.26633986875 0.5550847453125 0.2614379078125 0.561440678125
3 0.51960784375 0.599576271875 0.51960784375 0.6334745765625 0.5245098046875001 0.6398305078125001 0.5294117640625 0.6377118640624999 0.5326797390625 0.6334745765625 0.5326797390625 0.5953389828125 0.5245098046875001 0.5932203390625 0.51960784375 0.599576271875
3 0.6830065359375 0.6800847453125 0.678104575 0.669491525 0.671568628125 0.669491525 0.669934640625 0.6758474578125 0.66176470625 0.6779661015625 0.6568627453125 0.688559321875 0.66013071875 0.6927966109375 0.66013071875 0.7182203390625 0.671568628125 0.733050846875 0.6830065359375 0.730932203125 0.686274509375 0.7224576265625 0.686274509375 0.7097457625 0.6830065359375 0.705508475 0.6830065359375 0.6800847453125
3 0.6274509796875 0.650423728125 0.6274509796875 0.67161016875 0.6388888890625 0.6906779656250001 0.64379085 0.688559321875 0.64379085 0.66737288125 0.6470588234375 0.6588983046875 0.635620915625 0.6398305078125001 0.6274509796875 0.650423728125
3 0.5849673203125 0.6207627125 0.5849673203125 0.6122881359375001 0.5767973859375 0.601694915625 0.571895425 0.608050846875 0.5686274515624999 0.6334745765625 0.571895425 0.6377118640624999 0.571895425 0.646186440625 0.580065359375 0.6525423734375 0.581699346875 0.650423728125 0.5849673203125 0.646186440625 0.5849673203125 0.6334745765625 0.58823529375 0.625 0.5849673203125 0.6207627125
2 0.51960784375 0.5656779656250001 0.51633986875 0.5572033890625 0.4983660125 0.5338983046875 0.49509803906250005 0.5338983046875 0.48366013125 0.5572033890625 0.48366013125 0.5699152546875 0.5016339875 0.5932203390625 0.5032679734375 0.5911016953125 0.508169934375 0.5847457625 0.51633986875 0.58262711875 0.51633986875 0.5699152546875 0.51960784375 0.5656779656250001
4 0.48039215625000004 0.58262711875 0.48366013125 0.57838983125 0.48366013125 0.544491525 0.4787581703125 0.5381355937500001 0.46568627500000004 0.5338983046875 0.46241830000000006 0.5296610171875 0.4264705875 0.5296610171875 0.42483660156249997 0.5868644062499999 0.428104575 0.5953389828125 0.436274509375 0.605932203125 0.4607843140625 0.603813559375 0.4689542484375 0.5974576265625 0.4754901953125 0.5974576265625 0.48039215625000004 0.5911016953125 0.48039215625000004 0.58262711875
1 0.491830065625 0.5974576265625 0.47222222187499996 0.5974576265625 0.454248365625 0.6165254234375 0.454248365625 0.6334745765625 0.4689542484375 0.6525423734375 0.5016339875 0.6525423734375 0.5049019609375 0.6567796609375 0.5065359484374999 0.6546610171875 0.509803921875 0.646186440625 0.509803921875 0.6292372875 0.5032679734375 0.6122881359375001 0.491830065625 0.5974576265625
1 0.41013071874999996 0.54661016875 0.40196078437500005 0.5572033890625 0.40196078437500005 0.5656779656250001 0.41339869218749997 0.580508475 0.421568628125 0.57838983125 0.421568628125 0.5699152546875 0.41830065312500003 0.5656779656250001 0.41830065312500003 0.5487288140625 0.41013071874999996 0.54661016875
1 0.382352940625 0.5741525421875 0.37745097968749997 0.5720338984375 0.367647059375 0.5593220343749999 0.3578431375 0.563559321875 0.35620915000000003 0.5529661015625 0.3513071890625 0.54661016875 0.348039215625 0.54661016875 0.34640522812499996 0.5699152546875 0.33986928125000004 0.57838983125 0.33986928125000004 0.608050846875 0.3513071890625 0.6186440671875 0.3611111109375 0.6186440671875 0.364379084375 0.62288135625 0.3888888890625 0.6207627125 0.3921568625 0.6165254234375 0.3921568625 0.599576271875 0.385620915625 0.5911016953125 0.382352940625 0.5741525421875
1 0.6127450984375 0.6567796609375 0.5735294125 0.6567796609375 0.5686274515624999 0.6631355937500001 0.5686274515624999 0.66737288125 0.5588235296875 0.6758474578125 0.5588235296875 0.6970338984375 0.5702614374999999 0.70338983125 0.5751633984375 0.7097457625 0.580065359375 0.724576271875 0.5996732031249999 0.724576271875 0.6029411765625 0.728813559375 0.633986928125 0.726694915625 0.6405228765625 0.7182203390625 0.6405228765625 0.7012711859375 0.6192810453125001 0.6610169484374999 0.6127450984375 0.6567796609375
4 0.7728758171875 0.733050846875 0.75 0.728813559375 0.687908496875 0.733050846875 0.6797385625000001 0.7394067796875 0.6797385625000001 0.8495762718750001 0.6846405234375 0.855932203125 0.918300653125 0.8580508468750001 0.9248366015625 0.853813559375 0.9248366015625 0.8368644062499999 0.9166666671874999 0.8262711859375 0.7728758171875 0.733050846875
3 0.542483659375 0.5105932203125 0.544117646875 0.5296610171875 0.562091503125 0.5275423734375 0.562091503125 0.519067796875 0.5571895421875 0.5127118640624999 0.5506535953125 0.5084745765625 0.542483659375 0.5105932203125
3 0.5032679734375 0.519067796875 0.5049019609375 0.5338983046875 0.5228758171875 0.5317796609375 0.5228758171875 0.523305084375 0.51797385625 0.5127118640624999 0.508169934375 0.5127118640624999 0.5032679734375 0.519067796875
1 0.32516339843750003 0.5084745765625 0.295751634375 0.5084745765625 0.2892156859375 0.5042372875 0.27777777812500004 0.5148305078125001 0.27777777812500004 0.523305084375 0.2826797390625 0.5296610171875 0.2908496734375 0.5275423734375 0.32516339843750003 0.525423728125 0.330065359375 0.519067796875 0.330065359375 0.5148305078125001 0.32516339843750003 0.5084745765625
3 0.33823529375 0.5127118640624999 0.33169934687499997 0.5127118640624999 0.330065359375 0.5317796609375 0.3349673203125 0.5381355937500001 0.3366013078125 0.5360169484374999 0.3545751640625 0.5338983046875 0.35620915000000003 0.523305084375 0.34150326875000003 0.5084745765625 0.33823529375 0.5127118640624999
1 0.455882353125 0.5084745765625 0.44607843125 0.5 0.42973856250000003 0.5 0.41830065312500003 0.5105932203125 0.41830065312500003 0.519067796875 0.4232026140625 0.525423728125 0.4591503265625 0.525423728125 0.46241830000000006 0.5296610171875 0.4673202609375 0.5275423734375 0.4705882359375 0.523305084375 0.4705882359375 0.5148305078125001 0.46568627500000004 0.5084745765625 0.455882353125 0.5084745765625
3 0.2434640515625 0.49576271250000004 0.241830065625 0.5275423734375 0.2467320265625 0.5338983046875 0.258169934375 0.5317796609375 0.2647058828125 0.5275423734375 0.2614379078125 0.5105932203125 0.2467320265625 0.49576271250000004 0.2434640515625 0.49576271250000004
3 0.48366013125 0.519067796875 0.4852941171875 0.525423728125 0.5 0.523305084375 0.5032679734375 0.519067796875 0.5016339875 0.5127118640624999 0.48856209218749996 0.5127118640624999 0.48366013125 0.519067796875